/*--------------------------------*- C++ -*----------------------------------*\
  =========                 |
  \\      /  F ield         | OpenFOAM: The Open Source CFD Toolbox
   \\    /   O peration     | Website:  https://openfoam.org
    \\  /    A nd           | Version:  10
     \\/     M anipulation  |
\*---------------------------------------------------------------------------*/
FoamFile
{
    format      ascii;
    class       labelList;
    note        "nPoints:17216  nCells:8065  nFaces:32802  nInternalFaces:16076";
    location    "constant/polyMesh";
    object      neighbour;
}
// * * * * * * * * * * * * * * * * * * * * * * * * * * * * * * * * * * * * * //


16076
(
1
60
2
61
3
62
4
63
5
64
6
65
7
66
8
67
9
68
10
69
11
70
12
71
13
72
14
73
15
74
16
75
17
76
18
77
7845
7843
7845
7303
7305
7843
5725
5727
7303
5725
5728
5730
3301
3303
5728
1768
1770
3301
1768
1771
1773
1771
1774
1776
1774
1777
1779
1777
1780
1782
1780
1783
1785
1783
1786
1788
1786
1789
1791
1789
1792
1794
1792
1795
1797
1795
1798
1800
1798
1801
1803
1801
1804
1806
1804
1807
1809
1807
1810
1812
1810
1813
1815
1813
1816
1818
1816
1819
1821
1819
1822
1824
1822
1825
1827
1825
1828
1830
1828
1831
1833
1831
1834
1836
1834
3304
3306
3304
3307
3309
3307
5731
5733
5731
5734
5736
5734
7306
7308
52
111
7306
7307
7312
53
112
54
113
55
114
56
115
57
116
58
117
59
118
119
61
120
62
121
63
122
64
123
65
124
66
125
67
126
68
127
69
128
70
129
71
130
72
131
73
132
74
133
75
134
76
135
77
136
78
137
7311
7909
7309
7311
7845
5737
5739
7305
7309
5727
5737
5740
5742
3310
3312
5730
5740
1837
1839
3303
3310
1770
1837
1840
7384
7385
1773
1840
7846
7848
1776
1843
7849
7851
1779
1846
7852
7854
1782
1849
7855
7857
1785
1852
7858
7860
1788
1855
7861
7863
1791
1858
7864
7866
1794
1861
7867
7869
1797
1864
7870
7872
1800
1867
7873
7875
1803
1870
7876
7878
1806
1873
7879
7881
1809
1876
7882
7884
1812
1879
7885
7887
1815
1882
7888
7890
1818
1885
7891
7893
1821
1888
7894
7896
1824
1891
7897
7899
1827
1894
7900
7902
1830
1897
7903
7905
1833
1900
7906
7908
1836
1903
1906
7516
7517
8032
1906
1909
1911
3306
1909
1912
1914
3309
1912
3313
3315
5733
3313
5736
5743
5745
5743
5746
5748
7308
5746
7312
7314
113
172
7312
7313
114
173
115
174
116
175
117
176
118
177
119
178
179
121
180
122
181
123
182
124
183
125
184
126
185
127
186
128
187
129
188
130
189
131
190
132
191
133
192
134
193
135
194
136
195
137
196
7911
7909
7911
5749
5751
7311
7909
5739
5749
5752
5754
3316
3318
5742
5752
1915
1917
3312
3316
1839
1915
7520
7521
7522
7523
1842
1918
5755
5757
1845
1921
5758
5760
1848
1924
5761
5763
1851
1927
5764
5766
1854
1930
5767
5769
1857
1933
5770
5772
1860
1936
5773
5775
1863
1939
5776
5778
1866
1942
5779
5781
1869
1945
5782
5784
1872
1948
5785
5787
1875
1951
5788
5790
1878
1954
5791
5793
1881
1957
5794
5796
1884
1960
5797
5799
1887
1963
5800
5802
1890
1966
5803
5805
1893
1969
5806
5808
1896
1972
5809
5811
1899
1975
5812
5814
1902
1978
5815
5817
1905
1981
5818
5820
1908
1984
5821
5823
1911
1987
5824
5826
1914
1990
1993
1995
1993
1996
1998
3315
1996
3319
3321
5745
3319
5748
5827
5829
5827
7314
7315
7317
173
232
7315
7316
7915
174
233
175
234
176
235
177
236
178
237
179
238
239
181
240
182
241
183
242
184
243
185
244
186
245
187
246
188
247
189
248
190
249
191
250
192
251
193
252
194
253
195
254
196
255
197
256
7914
7911
7912
7914
5751
5830
5832
7912
5754
5830
5833
5835
1999
2001
3318
5833
1917
1999
2004
7526
7527
1920
2002
5836
5838
1923
2005
3322
3324
1926
2008
3325
3327
1929
2011
3328
7579
7580
1932
2014
3331
7585
7586
1935
2017
3334
7591
7592
1938
2020
3337
7597
7598
1941
2023
3340
7603
7604
1944
2026
3343
7609
7610
1947
2029
3346
7615
7616
1950
2032
3349
7621
7622
1953
2035
3352
7627
7628
1956
2038
3355
7633
7634
1959
2041
3358
7639
7640
1962
2044
3361
7645
7646
1965
2047
3364
7651
7652
1968
2050
3367
7657
7658
1971
2053
3370
7663
7664
1974
2056
3373
7669
7670
1977
2059
3376
7675
7676
1980
2062
3379
7681
7682
1983
2065
3382
7687
7688
1986
2068
3385
7690
7691
1989
2071
3388
3390
1992
2074
3391
3393
1995
2077
5839
5841
1998
2080
2083
2085
2083
3321
3394
3396
3394
5829
5842
5844
5842
5845
5847
7317
5845
7915
7917
234
293
7915
7916
235
294
236
295
237
296
238
297
239
298
299
241
300
242
301
243
302
244
303
245
304
246
305
247
306
248
307
249
308
250
309
251
310
252
311
253
312
254
313
255
314
256
315
257
316
7920
7914
7918
7920
5832
5848
5850
7918
5835
5848
5851
5853
2001
2086
2088
5851
2004
2086
7921
7923
2007
2089
5854
5856
2010
2092
3397
3399
2013
2095
3400
3402
1104
2016
3403
3405
1076
2019
3406
3408
1077
2022
3409
3411
1078
2025
3412
3414
1079
2028
3415
3417
1080
2031
3418
3420
1081
2034
3421
3423
1082
2037
3424
3426
1083
2040
3427
3429
1084
2043
3430
3432
1085
2046
3433
3435
1086
2049
3436
3438
1087
2052
3439
3441
1088
2055
3442
3444
1089
2058
3445
3447
1090
2061
3448
3450
1091
2064
3451
3453
1092
2067
3454
3456
1093
2070
3457
3459
1094
2073
3460
3462
1096
2076
3463
3465
1377
2079
3466
3468
2082
2164
3469
3471
2085
2167
7318
7320
2170
2173
2175
3396
2173
5844
5857
5859
5847
5857
5860
5862
5860
7917
7924
7926
294
334
7924
7925
295
335
296
336
297
337
298
338
299
339
340
301
341
302
342
303
343
304
344
305
345
306
346
307
347
308
348
309
349
310
350
311
351
312
352
313
353
314
354
315
355
316
356
317
357
7929
7920
7927
7929
5850
5863
5865
7927
5853
5863
5866
5868
2088
2176
2178
5866
2091
2176
7930
7932
2094
2179
5869
5871
2097
2182
3474
7694
7695
1106
2185
3475
3477
1098
1380
1099
1379
2191
3580
4486
4487
1101
2166
5872
5874
2169
2194
3481
3483
2172
2197
7321
7323
2175
2200
2203
2205
8041
2203
5859
5875
5877
5862
5875
5878
5880
5878
7926
7933
7935
335
374
7933
7934
336
375
337
376
338
377
339
378
340
379
380
342
381
343
382
344
383
345
384
346
385
347
386
348
387
349
388
350
389
351
390
352
391
353
392
354
393
355
394
356
395
357
396
358
397
7938
7929
7936
7938
5865
5881
5883
7936
5868
5881
5884
5886
2178
2206
2208
5884
2181
2206
2211
7550
7551
8040
2184
2209
5887
5889
2187
2212
3484
3486
1109
2215
5890
5892
1103
1111
2221
2223
1112
2196
5893
5895
2199
2224
3493
3495
2202
2227
7324
7326
2205
2230
2233
2235
8047
2233
5877
5896
5898
5880
5896
5899
5901
5899
7935
7939
7941
375
414
7939
7940
376
415
377
416
378
417
379
418
380
419
420
382
421
383
422
384
423
385
424
386
425
387
426
388
427
389
428
390
429
391
430
392
431
393
432
394
433
395
434
396
435
397
436
398
437
7944
7938
7942
7944
5883
5902
5904
7942
5886
5902
5905
5907
2208
3496
3498
5905
2211
2236
2238
3496
2214
2236
7327
7329
2217
2239
5908
5910
2220
2242
3499
3501
1114
3502
3504
3609
1387
2226
5911
5913
2229
2251
3508
3510
2232
2254
7330
7332
2235
2257
2260
2262
8053
2260
5898
5914
5916
5901
5914
5917
5919
5917
7941
7945
7947
415
454
7945
7946
416
455
417
456
418
457
419
458
420
459
460
422
461
423
462
424
463
425
464
426
465
427
466
428
467
429
468
430
469
431
470
432
471
433
472
434
473
435
474
436
475
437
476
438
477
439
478
7335
7943
7944
5904
7333
7335
5907
5920
5922
7333
3498
5920
5923
5925
2238
2263
2265
5923
2241
2263
2266
2268
2244
2266
7336
7338
2247
2269
7339
7341
1389
3511
3513
5997
2253
2275
3514
3516
2256
2278
5926
5928
2259
2281
7342
7344
2262
2284
2287
2289
2287
5916
5929
5931
5919
5929
5932
5934
5932
7947
7948
7950
455
494
7948
7949
456
495
457
496
458
497
459
498
460
499
500
462
501
463
502
464
503
465
504
466
505
467
506
468
507
469
508
470
509
471
510
472
511
473
512
474
513
475
514
476
515
477
516
478
517
479
518
7953
7335
7951
7953
5922
7345
7347
7951
5925
5935
5937
7345
2265
5935
5938
5940
2268
2290
2292
5938
2271
2290
2293
2295
2274
2293
2296
2298
8064
2277
5941
5943
2280
2299
5944
5946
2283
2302
7348
7350
2286
2305
2308
2310
2289
2308
3517
3519
3517
5931
5947
5949
5934
5947
7351
7353
7351
7950
7954
7956
495
534
7954
7955
496
535
497
536
498
537
499
538
500
539
540
502
541
503
542
504
543
505
544
506
545
507
546
508
547
509
548
510
549
511
550
512
551
513
552
514
553
515
554
516
555
517
556
518
557
519
558
520
559
7952
7953
7959
7347
7957
7959
5937
7354
7356
7957
5940
5950
5952
7354
2292
5950
5953
5955
2295
5953
5956
5958
2298
5956
5959
5961
2301
2311
2313
6441
2304
2311
2314
2316
6447
2307
2314
2317
2319
2310
2317
2320
2322
2320
3519
5962
5964
5949
5962
5965
5967
5965
7353
7357
7359
534
573
7357
7358
7955
7956
535
574
536
575
537
576
538
577
539
578
540
579
580
542
581
543
582
544
583
545
584
546
585
547
586
548
587
549
588
550
589
551
590
552
591
553
592
554
593
555
594
556
595
557
596
558
597
559
598
560
599
561
600
7958
7959
7962
7356
7960
7962
5952
7360
7362
7960
5955
5968
5970
7360
5958
5968
5971
5973
5961
5971
5974
5976
2313
2323
2325
2316
2323
2326
2328
2319
2326
2329
2331
2322
2329
5977
5979
5964
5977
5980
5982
5967
5980
7363
7365
573
612
7358
7359
7363
7364
574
613
575
614
576
615
577
616
578
617
579
618
580
619
620
582
621
583
622
584
623
585
624
586
625
587
626
588
627
589
628
590
629
591
630
592
631
593
632
594
633
595
634
596
635
597
636
598
637
599
638
600
639
601
640
602
641
7961
7962
603
642
7361
7362
7965
5970
7963
7965
5973
7963
7966
7968
5976
7966
7969
7971
2325
5983
5985
2328
5983
5986
5988
2331
5986
5989
5991
5979
5989
5992
5994
5982
5992
7366
7368
612
651
7364
7365
7366
7367
613
652
614
653
615
654
616
655
617
656
618
657
619
658
620
659
660
622
661
623
662
624
663
625
664
626
665
627
666
628
667
629
668
630
669
631
670
632
671
633
672
634
673
635
674
636
675
637
676
638
677
639
678
640
679
641
680
642
681
643
682
644
683
7964
7965
645
684
7967
7968
685
7970
7971
5985
7369
7371
5988
7369
7372
7374
5991
7372
7375
7377
5994
7375
7378
7380
651
690
7367
7368
7378
7379
652
691
653
692
654
693
655
694
656
695
657
696
658
697
659
698
660
699
700
662
701
663
702
664
703
665
704
666
705
667
706
668
707
669
708
670
709
671
710
672
711
673
712
674
713
675
714
676
715
677
716
678
717
679
718
680
719
681
720
682
721
683
722
684
723
685
724
725
687
7370
7371
688
7373
7374
689
7376
7377
690
7379
7380
691
692
693
694
695
696
697
698
699
700
702
726
703
727
704
728
705
729
706
730
707
731
708
732
709
733
710
734
711
735
712
736
713
737
714
738
715
739
716
740
717
741
718
742
719
743
720
744
721
745
722
746
723
747
724
748
725
749
750
727
751
728
752
729
753
730
754
731
755
732
756
733
757
734
758
735
759
736
760
737
761
738
762
739
763
740
764
741
765
742
766
743
767
744
768
745
769
746
770
747
771
748
772
749
773
750
774
775
752
776
753
777
754
778
755
779
756
780
757
781
758
782
759
783
760
784
761
785
762
786
763
787
764
788
765
789
766
790
767
791
768
792
769
793
770
794
771
795
772
796
773
797
774
798
775
799
800
777
801
778
802
779
803
780
804
781
805
782
806
783
807
784
808
785
809
786
810
787
811
788
812
789
813
790
814
791
815
792
816
793
817
794
818
795
819
796
820
797
821
798
822
799
823
800
824
825
802
826
803
827
804
828
805
829
806
830
807
831
808
832
809
833
810
834
811
835
812
836
813
837
814
838
815
839
816
840
817
841
818
842
819
843
820
844
821
845
822
846
823
847
824
848
825
849
850
827
851
828
852
829
853
830
854
831
855
832
856
833
857
834
858
835
859
836
860
837
861
838
862
839
863
840
864
841
865
842
866
843
867
844
868
845
869
846
870
847
871
848
872
849
873
850
874
875
852
876
853
877
854
878
855
879
856
880
857
881
858
882
859
883
860
884
861
885
862
886
863
887
864
888
865
889
866
890
867
891
868
892
869
893
870
894
871
895
872
896
873
897
874
898
875
899
900
877
901
878
902
879
903
880
904
881
905
882
906
883
907
884
908
885
909
886
910
887
911
888
912
889
913
890
914
891
915
892
916
893
917
894
918
895
919
896
920
897
921
898
922
899
923
900
924
925
902
926
903
927
904
928
905
929
906
930
907
931
908
932
909
933
910
934
911
935
912
936
913
937
914
938
915
939
916
940
917
941
918
942
919
943
920
944
921
945
922
946
923
947
924
948
925
949
950
927
951
928
952
929
953
930
954
931
955
932
956
933
957
934
958
935
959
936
960
937
961
938
962
939
963
940
964
941
965
942
966
943
967
944
968
945
969
946
970
947
971
948
972
949
973
950
974
975
952
976
953
977
954
978
955
979
956
980
957
981
958
982
959
983
960
984
961
985
962
986
963
987
964
988
965
989
966
990
967
991
968
992
969
993
970
994
971
995
972
996
973
997
974
998
975
999
1000
977
1001
978
1002
979
1003
980
1004
981
1005
982
1006
983
1007
984
1008
985
1009
986
1010
987
1011
988
1012
989
1013
990
1014
991
1015
992
1016
993
1017
994
1018
995
1019
996
1020
997
1021
998
1022
999
1023
1000
1024
1025
1002
1026
1003
1027
1004
1028
1005
1029
1006
1030
1007
1031
1008
1032
1009
1033
1010
1034
1011
1035
1012
1036
1013
1037
1014
1038
1015
1039
1016
1040
1017
1041
1018
1042
1019
1043
1020
1044
1021
1045
1022
1046
1023
1047
1024
1048
1025
1049
1050
1027
1051
1028
1052
1029
1053
1030
1054
1031
1055
1032
1056
1033
1057
1034
1058
1035
1059
1036
1060
1037
1061
1038
1062
1039
1063
1040
1064
1041
1065
1042
1066
1043
1067
1044
1068
1045
1069
1046
1070
1047
1071
1048
1072
1049
1073
1050
1074
1075
1052
1053
1054
1055
1056
1057
1058
1059
1060
1061
1062
1063
1064
1065
1066
1067
1068
1069
1070
1071
1072
1073
1074
1075
2015
3520
3522
2018
3523
3525
2021
3526
3528
2024
3529
3531
2027
3532
3534
2030
3535
3537
2033
3538
3540
2036
3541
3543
2039
3544
3546
2042
3547
3549
2045
3550
3552
2048
3553
3555
2051
3556
3558
2054
3559
3561
2057
3562
3564
2060
3565
3567
2063
3568
3570
2066
3571
3573
2069
3574
3576
1098
1462
1464
2072
3577
3579
1099
1379
2394
3582
4757
4758
2395
2397
3580
3582
1103
1111
1470
1472
1378
3583
3585
1112
2196
3586
3588
2407
2409
2012
3589
3591
1107
1751
1753
2096
3592
3594
2416
2418
2218
3595
3597
2186
3598
3600
1193
1195
2425
2427
1754
3601
3603
1387
2226
3604
3606
3607
3609
1118
2333
3610
3612
1121
2332
3613
3615
1287
2103
3616
3618
2102
3619
3621
1122
2336
3622
3624
1125
2335
3625
3627
2106
3628
3630
2105
3631
3633
1126
2339
3634
3636
1129
2338
3637
3639
2109
3640
3642
2108
3643
3645
1130
2342
3646
3648
1133
2341
3649
3651
2112
3652
3654
2111
3655
3657
1134
2345
3658
3660
1137
2344
3661
3663
2115
3664
3666
2114
3667
3669
1138
2348
3670
3672
1141
2347
3673
3675
2118
3676
3678
2117
3679
3681
1142
2351
3682
3684
1145
2350
3685
3687
2121
3688
3690
2120
3691
3693
1146
2354
3694
3696
1149
2353
3697
3699
2124
3700
3702
2123
3703
3705
1150
2357
3706
3708
1153
2356
3709
3711
2127
3712
3714
2126
3715
3717
1154
2360
3718
3720
1157
2359
3721
3723
2130
3724
3726
2129
3727
3729
1158
2363
3730
3732
1161
2362
3733
3735
2133
3736
3738
2132
3739
3741
1162
2366
3742
3744
1165
2365
3745
3747
2136
3748
3750
2135
3751
3753
1166
2369
3754
3756
1169
2368
3757
3759
2139
3760
3762
2138
3763
3765
1170
2372
3766
3768
1173
2371
3769
3771
2142
3772
3774
2141
3775
3777
1174
2375
3778
3780
1177
2374
3781
3783
2145
3784
3786
2144
3787
3789
1178
2378
3790
3792
1181
2377
3793
3795
2148
3796
3798
2147
3799
3801
1182
2381
3802
3804
1185
2380
3805
3807
2151
3808
3810
2150
3811
3813
1186
2384
3814
3816
1189
2383
3817
3819
2154
3820
3822
2153
3823
3825
1190
2387
3826
3828
1191
2386
3829
3831
2157
3832
3834
2156
3835
3837
2160
3838
3840
1468
2159
5543
5544
5548
5549
1467
3841
3843
1196
1383
2674
2676
1467
2677
2679
1197
2680
2682
1383
3844
3846
1382
2405
2686
5572
5573
1201
2404
3847
3849
1283
1292
1569
1571
2430
3850
3852
1484
2429
3853
3855
1483
1755
1757
1295
2441
2698
2700
1210
2440
2701
2703
1478
2445
2704
2706
1296
2444
2707
2709
1299
2453
2710
2712
1214
2452
2713
2715
2457
2716
2718
1300
2456
2719
2721
1303
2465
2722
2724
1218
2464
2725
2727
2469
2728
2730
1304
2468
2731
2733
1307
2477
2734
2736
1222
2476
2737
2739
2481
2740
2742
1308
2480
2743
2745
1311
2489
2746
2748
1226
2488
2749
2751
2493
2752
2754
1312
2492
2755
2757
1315
2501
2758
2760
1230
2500
2761
2763
2505
2764
2766
1316
2504
2767
2769
1319
2513
2770
2772
1234
2512
2773
2775
2517
2776
2778
1320
2516
2779
2781
1323
2525
2782
2784
1238
2524
2785
2787
2529
2788
2790
1324
2528
2791
2793
1327
2537
2794
2796
1242
2536
2797
2799
2541
2800
2802
1328
2540
2803
2805
1331
2549
2806
2808
1246
2548
2809
2811
2553
2812
2814
1332
2552
2815
2817
1335
2561
2818
2820
1250
2560
2821
2823
2565
2824
2826
1336
2564
2827
2829
1339
2573
2830
2832
1254
2572
2833
2835
2577
2836
2838
1340
2576
2839
2841
1343
2585
2842
2844
1258
2584
2845
2847
2589
2848
2850
1344
2588
2851
2853
1347
2597
2854
2856
1262
2596
2857
2859
2601
2860
2862
1348
2600
2863
2865
1351
2609
2866
2868
1266
2608
2869
2871
2613
2872
2874
1352
2612
2875
2877
1355
2621
2878
2880
1270
2620
2881
2883
2625
2884
2886
1356
2624
2887
2889
1359
2633
2890
2892
1274
2632
2893
2895
2637
2896
2898
1360
2636
2899
2901
1363
2645
2902
2904
1279
2644
2905
2907
2649
2908
2910
1364
2648
2911
2913
1368
1647
1649
1367
2657
2914
2916
1281
2656
2917
2919
2661
2920
2922
1369
2660
2923
2925
2667
2926
2928
2666
2672
2929
2931
2671
2932
2934
1375
1473
1653
1655
1290
2415
3856
3858
2411
2414
5612
5613
5617
5618
2410
3859
3861
2421
3862
3864
2189
2420
3865
3867
2188
3868
3870
1293
1568
1656
1658
2671
2953
2955
1371
1297
2439
2956
2958
2438
2959
2961
2447
2962
2964
2446
2965
2967
1301
2451
2968
2970
2450
2971
2973
2459
2974
2976
2458
2977
2979
1305
2463
2980
2982
2462
2983
2985
2471
2986
2988
2470
2989
2991
1309
2475
2992
2994
2474
2995
2997
2483
2998
3000
2482
3001
3003
1313
2487
3004
3006
2486
3007
3009
2495
3010
3012
2494
3013
3015
1317
2499
3016
3018
2498
3019
3021
2507
3022
3024
2506
3025
3027
1321
2511
3028
3030
2510
3031
3033
2519
3034
3036
2518
3037
3039
1325
2523
3040
3042
2522
3043
3045
2531
3046
3048
2530
3049
3051
1329
2535
3052
3054
2534
3055
3057
2543
3058
3060
2542
3061
3063
1333
2547
3064
3066
2546
3067
3069
2555
3070
3072
2554
3073
3075
1337
2559
3076
3078
2558
3079
3081
2567
3082
3084
2566
3085
3087
1341
2571
3088
3090
2570
3091
3093
2579
3094
3096
2578
3097
3099
1345
2583
3100
3102
2582
3103
3105
2591
3106
3108
2590
3109
3111
1349
2595
3112
3114
2594
3115
3117
2603
3118
3120
2602
3121
3123
1353
2607
3124
3126
2606
3127
3129
2615
3130
3132
2614
3133
3135
1357
2619
3136
3138
2618
3139
3141
2627
3142
3144
2626
3145
3147
1361
2631
3148
3150
2630
3151
3153
2639
3154
3156
2638
3157
3159
1365
2643
3160
3162
2642
3163
3165
2651
3166
3168
2650
3169
3171
1370
2655
3172
3174
2654
3175
3177
1735
2663
3178
3180
2662
3181
3183
1568
1738
1740
1563
1567
3184
3186
1374
1562
1741
1743
1376
1744
2685
3187
3189
1562
1748
1750
2075
3190
3192
2166
3871
3873
3874
3876
1571
2397
2403
3198
3199
3201
2402
3204
5672
5673
3877
3879
1475
2694
3208
3210
1573
2693
3211
3213
1482
1572
1758
1760
3880
3882
2253
2275
6578
6579
6580
6581
5995
5997
1391
1576
2702
1396
2701
1393
1753
2706
1577
2705
1395
1580
2714
1400
2713
1397
2718
1581
2717
1399
1584
2726
1404
2725
1401
2730
1585
2729
1403
1588
2738
1408
2737
1405
2742
1589
2741
1407
1592
2750
1412
2749
1409
2754
1593
2753
1411
1596
2762
1416
2761
1413
2766
1597
2765
1415
1600
2774
1420
2773
1417
2778
1601
2777
1419
1604
2786
1424
2785
1421
2790
1605
2789
1423
1608
2798
1428
2797
1425
2802
1609
2801
1427
1612
2810
1432
2809
1429
2814
1613
2813
1431
1616
2822
1436
2821
1433
2826
1617
2825
1435
1620
2834
1440
2833
1437
2838
1621
2837
1439
1624
2846
1444
2845
1441
2850
1625
2849
1443
1628
2858
1448
2857
1445
2862
1629
2861
1447
1632
2870
1452
2869
1449
2874
1633
2873
1451
1636
2882
1456
2881
1453
2886
1637
2885
1455
1640
2894
1460
2893
1457
2898
1641
2897
1459
1644
2906
1465
2905
1461
2910
1645
2909
1463
1649
1464
1648
2918
2395
2917
1466
2922
1650
2921
3883
3885
2390
3226
5710
5711
2389
3196
3229
3231
1471
1472
1654
1653
2407
2685
3232
3234
2684
2690
3235
3237
2689
3238
3240
1481
2937
3241
3243
2936
2942
3244
3246
2941
3247
3249
2946
3250
3252
2945
2951
3253
3255
2950
3256
3258
1761
3259
3261
2432
3886
3888
2248
2431
3265
3267
1487
1489
2958
1662
2957
1489
1665
2966
2965
1491
1493
2970
1666
2969
1493
1669
2978
2977
1495
1497
2982
1670
2981
1497
1673
2990
2989
1499
1501
2994
1674
2993
1501
1677
3002
3001
1503
1505
3006
1678
3005
1505
1681
3014
3013
1507
1509
3018
1682
3017
1509
1685
3026
3025
1511
1513
3030
1686
3029
1513
1689
3038
3037
1515
1517
3042
1690
3041
1517
1693
3050
3049
1519
1521
3054
1694
3053
1521
1697
3062
3061
1523
1525
3066
1698
3065
1525
1701
3074
3073
1527
1529
3078
1702
3077
1529
1705
3086
3085
1531
1533
3090
1706
3089
1533
1709
3098
3097
1535
1537
3102
1710
3101
1537
1713
3110
3109
1539
1541
3114
1714
3113
1541
1717
3122
3121
1543
1545
3126
1718
3125
1545
1721
3134
3133
1547
1549
3138
1722
3137
1549
1725
3146
3145
1551
1553
3150
1726
3149
1553
1729
3158
3157
1555
1557
3162
1730
3161
1557
1733
3170
3169
1559
1561
3174
1734
3173
1561
1737
3182
3181
3268
3270
2399
3271
3273
2398
3205
3274
3276
1739
1742
2400
3225
3277
3279
2399
3280
3282
3283
3285
1570
2955
1571
2932
1765
1767
2696
3286
3288
1762
2695
3289
3291
1576
1663
2700
2699
1578
2708
1664
2707
1580
1667
2712
2711
1582
2720
1668
2719
1584
1671
2724
2723
1586
2732
1672
2731
1588
1675
2736
2735
1590
2744
1676
2743
1592
1679
2748
2747
1594
2756
1680
2755
1596
1683
2760
2759
1598
2768
1684
2767
1600
1687
2772
2771
1602
2780
1688
2779
1604
1691
2784
2783
1606
2792
1692
2791
1608
1695
2796
2795
1610
2804
1696
2803
1612
1699
2808
2807
1614
2816
1700
2815
1616
1703
2820
2819
1618
2828
1704
2827
1620
1707
2832
2831
1622
2840
1708
2839
1624
1711
2844
2843
1626
2852
1712
2851
1628
1715
2856
2855
1630
2864
1716
2863
1632
1719
2868
2867
1634
2876
1720
2875
1636
1723
2880
2879
1638
2888
1724
2887
1640
1727
2892
2891
1642
2900
1728
2899
1644
1731
2904
2903
1646
2912
1732
2911
1648
1735
2916
1649
2915
1651
2924
1736
2923
1655
1747
1654
3234
1655
3187
1657
1661
1658
1660
2426
2425
3283
1660
2955
1661
2954
1663
2960
2959
1665
2964
2963
1667
2972
2971
1669
2976
2975
1671
2984
2983
1673
2988
2987
1675
2996
2995
1677
3000
2999
1679
3008
3007
1681
3012
3011
1683
3020
3019
1685
3024
3023
1687
3032
3031
1689
3036
3035
1691
3044
3043
1693
3048
3047
1695
3056
3055
1697
3060
3059
1699
3068
3067
1701
3072
3071
1703
3080
3079
1705
3084
3083
1707
3092
3091
1709
3096
3095
1711
3104
3103
1713
3108
3107
1715
3116
3115
1717
3120
3119
1719
3128
3127
1721
3132
3131
1723
3140
3139
1725
3144
3143
1727
3152
3151
1729
3156
3155
1731
3164
3163
1733
3168
3167
1735
3176
3175
1737
3180
3179
1739
3186
3285
1740
3185
1742
1743
3185
3184
3268
1750
1746
1750
1747
1749
3188
3187
1749
2682
3270
1750
2681
1752
2418
3243
1753
3242
3248
3247
1761
2223
1756
1767
1757
1766
3290
3259
3289
1759
1761
2223
1760
2222
3212
1765
3211
3264
3292
3294
2435
3263
3295
3297
2434
3298
3300
1766
3288
1767
3287
1769
1770
1773
1840
3302
1772
1773
1776
1843
7974
7846
1775
1776
1779
1846
7977
7849
1778
1779
1782
1849
7980
7852
1781
1782
1785
1852
7983
7855
1784
1785
1788
1855
7986
7858
1787
1788
1791
1858
7989
7861
1790
1791
1794
1861
7992
7864
1793
1794
1797
1864
7995
7867
1796
1797
1800
1867
7998
7870
1799
1800
1803
1870
8001
7873
1802
1803
1806
1873
8004
7876
1805
1806
1809
1876
8007
7879
1808
1809
1812
1879
8010
7882
1811
1812
1815
1882
8013
7885
1814
1815
1818
1885
8016
7888
1817
1818
1821
1888
8019
7891
1820
1821
1824
1891
8022
7894
1823
1824
1827
1894
8025
7897
1826
1827
1830
1897
8028
7900
1829
1830
1833
1900
8031
7903
1832
1833
1836
1903
8034
7906
1835
1836
1906
3306
1838
3302
1839
1842
1918
7384
7521
3311
7382
7383
7848
1845
1921
7381
7383
7384
7386
7972
7974
1848
1924
7387
7389
7390
7392
7975
7977
1851
1927
7393
7395
7396
7398
7978
7980
1854
1930
7399
7401
7402
7404
7981
7983
1857
1933
7405
7407
7408
7410
7984
7986
1860
1936
7411
7413
7414
7416
7987
7989
1863
1939
7417
7419
7420
7422
7990
7992
1866
1942
7423
7425
7426
7428
7993
7995
1869
1945
7429
7431
7432
7434
7996
7998
1872
1948
7435
7437
7438
7440
7999
8001
1875
1951
7441
7443
7444
7446
8002
8004
1878
1954
7447
7449
7450
7452
8005
8007
1881
1957
7453
7455
7456
7458
8008
8010
1884
1960
7459
7461
7462
7464
8011
8013
1887
1963
7465
7467
7468
7470
8014
8016
1890
1966
7471
7473
7474
7476
8017
8019
1893
1969
7477
7479
7480
7482
8020
8022
1896
1972
7483
7485
7486
7488
8023
8025
1899
1975
7489
7491
7492
7494
8026
8028
1902
1978
7495
7497
7498
7500
8029
8031
1905
1981
7501
7503
7504
7506
8032
8034
1908
1984
7507
7509
7510
7512
7514
7515
1911
1987
7513
7515
7516
7518
1910
3305
1911
1914
1990
5824
7515
1913
3308
1914
1993
3315
1916
3311
1917
1920
2002
7522
7527
3317
7519
7521
1923
2005
5998
6000
7522
7524
6001
6003
1926
2008
3889
3891
6004
6006
6007
6009
1929
2011
3892
3894
3895
3897
6010
6012
1932
2014
3898
3900
3901
3903
6013
6015
1935
2017
3904
3906
3907
3909
6016
6018
1938
2020
3910
3912
3913
3915
6019
6021
1941
2023
3916
3918
3919
3921
6022
6024
1944
2026
3922
3924
3925
3927
6025
6027
1947
2029
3928
3930
3931
3933
6028
6030
1950
2032
3934
3936
3937
3939
6031
6033
1953
2035
3940
3942
3943
3945
6034
6036
1956
2038
3946
3948
3949
3951
6037
6039
1959
2041
3952
3954
3955
3957
6040
6042
1962
2044
3958
3960
3961
3963
6043
6045
1965
2047
3964
3966
3967
3969
6046
6048
1968
2050
3970
3972
3973
3975
6049
6051
1971
2053
3976
3978
3979
3981
6052
6054
1974
2056
3982
3984
3985
3987
6055
6057
1977
2059
3988
3990
3991
3993
6058
6060
1980
2062
3994
3996
3997
3999
6061
6063
1983
2065
4000
4002
4003
4005
6064
6066
1986
2068
4006
4008
4009
4011
6067
6069
1989
2071
4012
4014
4015
4017
6070
6072
1992
2074
4018
4020
4021
4023
5824
5825
6074
6075
1995
2077
6073
6075
6076
6078
1994
1995
1998
2080
5839
6075
1997
3314
1998
2083
3321
2000
3317
2001
2004
2086
5834
7525
7527
2007
2089
7528
7530
7528
7529
7921
6079
6081
2010
2092
4024
4026
6082
6084
4027
4029
2013
2095
6085
6087
4033
4035
4038
7700
7701
2016
6088
6090
6091
6093
4047
7706
7707
2019
6094
6096
6097
6099
4056
7712
7713
2022
6100
6102
6103
6105
4065
7718
7719
2025
6106
6108
6109
6111
4074
7724
7725
2028
6112
6114
6115
6117
4083
7730
7731
2031
6118
6120
6121
6123
4092
7736
7737
2034
6124
6126
6127
6129
4101
7742
7743
2037
6130
6132
6133
6135
4110
7748
7749
2040
6136
6138
6139
6141
4119
7754
7755
2043
6142
6144
6145
6147
4128
7760
7761
2046
6148
6150
6151
6153
4137
7766
7767
2049
6154
6156
6157
6159
4146
7772
7773
2052
6160
6162
6163
6165
4155
7778
7779
2055
6166
6168
6169
6171
4164
7784
7785
2058
6172
6174
6175
6177
4173
7790
7791
2061
6178
6180
6181
6183
4182
7796
7797
2064
6184
6186
6187
6189
4191
7802
7803
2067
6190
6192
6193
6195
4200
7808
7809
2070
6196
6198
6199
6201
4209
7814
7815
2073
6202
6204
6205
6207
4216
4218
2076
6208
6210
6211
6213
4225
4227
2079
4228
4230
6214
6216
6217
6219
2082
2164
4234
4236
4237
4239
5839
5840
6221
6222
2085
2167
6220
6222
6223
6225
2084
2085
2170
3396
6222
7318
2087
7923
2088
2091
2176
8035
5852
7531
7533
2094
2179
7534
7536
8035
8037
4240
4242
2097
2182
4243
4245
6226
6228
6229
6231
2185
6232
6234
4252
7822
7823
2412
4044
4255
4257
2411
2414
4258
4260
2413
4246
4261
4263
2334
4053
4264
4266
2333
6235
6237
2410
6238
6240
2337
4062
4273
4275
2336
6241
6243
2332
6244
6246
2340
4071
4282
4284
2339
6247
6249
2335
6250
6252
2343
4080
4291
4293
2342
6253
6255
2338
6256
6258
2346
4089
4300
4302
2345
6259
6261
2341
6262
6264
2349
4098
4309
4311
2348
6265
6267
2344
6268
6270
2352
4107
4318
4320
2351
6271
6273
2347
6274
6276
2355
4116
4327
4329
2354
6277
6279
2350
6280
6282
2358
4125
4336
4338
2357
6283
6285
2353
6286
6288
2361
4134
4345
4347
2360
6289
6291
2356
6292
6294
2364
4143
4354
4356
2363
6295
6297
2359
6298
6300
2367
4152
4363
4365
2366
6301
6303
2362
6304
6306
2370
4161
4372
4374
2369
6307
6309
2365
6310
6312
2373
4170
4381
4383
2372
6313
6315
2368
6316
6318
2376
4179
4390
4392
2375
6319
6321
2371
6322
6324
2379
4188
4399
4401
2378
6325
6327
2374
6328
6330
2382
4197
4408
4410
2381
6331
6333
2377
6334
6336
2385
4206
4417
4419
2384
6337
6339
2380
6340
6342
2388
4215
4426
4428
2387
6343
6345
2383
6346
6348
2391
4224
4435
4437
2390
4438
4440
2386
3838
4441
4443
6558
3192
4233
6349
6351
3191
3197
4444
4446
2389
3196
4447
4449
4450
4452
2169
2194
4453
4455
6352
6354
6355
6357
2172
2197
6358
6360
4459
4461
2171
7318
7319
2175
2200
7538
7539
8043
7537
7539
2174
3395
2175
2203
5859
2177
7932
2178
2181
2206
8038
5867
7540
7542
2184
2209
7543
7545
8038
8040
4462
4464
2187
2212
4465
4467
6361
6363
6364
6366
2215
6367
6369
4474
4476
2415
6370
6372
2423
3865
4480
4482
2422
4468
4483
4485
2192
3201
3876
3200
3206
4487
4488
5679
2398
3205
4486
4488
4489
4491
2199
2224
4492
4494
6373
6375
6376
6378
2202
2227
6379
6381
4498
4500
8041
8043
2205
2230
8044
8046
7546
7548
2204
2205
2233
5877
8046
2207
2208
2211
3496
5885
7549
7551
2214
2236
7552
7554
7552
7553
4501
4503
2217
2239
6382
6384
6385
6387
6388
6390
2220
2242
4507
4509
4510
4512
6391
6393
2245
4516
7828
7829
4519
4521
2222
2409
3210
2223
3209
4522
7837
7838
2229
2251
4525
4527
6394
6396
6397
6399
2232
2254
6400
6402
4531
4533
8047
8049
2235
2257
8050
8052
7555
7557
2234
2235
2260
5898
8052
2237
7329
7552
2238
2241
2263
3497
6403
6405
2244
2266
7558
7560
7328
7329
7558
7559
4534
4536
2247
2269
6406
6408
6409
6411
4537
4539
2272
6412
6414
6415
6417
3216
4540
4542
3215
3221
4543
4545
3220
4546
4548
4549
4551
2256
2278
4552
4554
4557
7178
7179
6418
6420
2259
2281
6421
6423
4558
4560
8053
8055
2262
2284
7562
7563
8053
8054
7561
7563
2261
2262
2287
5916
2264
2265
2268
5938
5924
2267
7338
7558
2268
2271
2290
7564
7566
2274
2293
8056
8058
7337
7338
8056
8057
7567
7569
2296
8059
8061
8062
8064
4561
4563
2280
2299
4564
4566
4567
4569
4570
4572
2283
2302
6424
6426
4573
4575
6427
6429
2286
2305
7570
7572
6430
6432
2285
7342
7343
2286
2289
2308
7343
7344
7572
2288
2289
3517
5931
2291
2292
2295
5953
5939
2294
8056
2295
2298
5956
2297
8059
2298
5959
6433
6435
2304
2311
6436
6438
6439
6441
6442
6444
2307
2314
7573
7575
6445
6447
2306
7348
7349
7570
2307
2310
2317
7349
7350
7575
2309
2310
2320
3519
2312
6436
2313
2316
2323
2315
7573
2316
2319
2326
2318
2319
2322
2329
2321
2322
5964
5977
2324
2325
2328
5983
2327
2328
2331
5986
2330
2331
5979
5989
6448
6450
6451
6453
4048
4582
4584
6454
6456
6457
6459
4057
4591
4593
6460
6462
6463
6465
4066
4600
4602
6466
6468
6469
6471
4075
4609
4611
6472
6474
6475
6477
4084
4618
4620
6478
6480
6481
6483
4093
4627
4629
6484
6486
6487
6489
4102
4636
4638
6490
6492
6493
6495
4111
4645
4647
6496
6498
6499
6501
4120
4654
4656
6502
6504
6505
6507
4129
4663
4665
6508
6510
6511
6513
4138
4672
4674
6514
6516
6517
6519
4147
4681
4683
6520
6522
6523
6525
4156
4690
4692
6526
6528
6529
6531
4165
4699
4701
6532
6534
6535
6537
4174
4708
4710
6538
6540
6541
6543
4183
4717
4719
6544
6546
6547
6549
4192
4726
4728
6550
6552
6553
6555
4201
4735
4737
6556
6558
6559
6561
4210
4744
4746
4747
4749
4750
4752
4219
4753
4755
2400
3225
4756
4758
2394
3224
3230
4756
4757
5704
3229
3874
2396
2928
2397
2927
2933
2932
4759
4761
4762
4764
4765
4767
2406
3480
4768
4770
2405
4771
4773
3193
4774
4776
2430
3849
4777
4779
4780
4782
4495
4783
4785
2408
3234
2409
3233
3239
3238
6562
6564
4789
4791
4039
4792
4794
4251
4795
4797
4798
4800
6565
6567
2417
3252
2418
3251
3257
3256
2424
4515
4804
4806
2423
3867
4809
7298
7299
6568
6570
4473
4813
4815
4816
4818
3487
4819
4821
2426
2679
2427
2954
2953
3841
2433
3492
4822
4824
2432
3855
4825
4827
3850
4828
4830
3216
4831
4833
3886
4834
4836
4528
4837
4839
4840
4842
3266
4843
4845
3265
3502
4846
4848
2442
4581
4849
4851
2441
4852
4854
2446
4855
4857
2457
4858
4860
4861
4863
4576
4864
4866
2448
4272
4867
4869
2447
4870
4872
2941
4873
4875
4876
4878
4879
4881
4267
4882
4884
2454
4590
4885
4887
2453
4888
4890
2458
4891
4893
2469
4894
4896
4897
4899
4585
4900
4902
2460
4281
4903
4905
2459
4906
4908
4909
4911
4912
4914
4915
4917
4276
4918
4920
2466
4599
4921
4923
2465
4924
4926
2470
4927
4929
2481
4930
4932
4933
4935
4594
4936
4938
2472
4290
4939
4941
2471
4942
4944
4945
4947
4948
4950
4951
4953
4285
4954
4956
2478
4608
4957
4959
2477
4960
4962
2482
4963
4965
2493
4966
4968
4969
4971
4603
4972
4974
2484
4299
4975
4977
2483
4978
4980
4981
4983
4984
4986
4987
4989
4294
4990
4992
2490
4617
4993
4995
2489
4996
4998
2494
4999
5001
2505
5002
5004
5005
5007
4612
5008
5010
2496
4308
5011
5013
2495
5014
5016
5017
5019
5020
5022
5023
5025
4303
5026
5028
2502
4626
5029
5031
2501
5032
5034
2506
5035
5037
2517
5038
5040
5041
5043
4621
5044
5046
2508
4317
5047
5049
2507
5050
5052
5053
5055
5056
5058
5059
5061
4312
5062
5064
2514
4635
5065
5067
2513
5068
5070
2518
5071
5073
2529
5074
5076
5077
5079
4630
5080
5082
2520
4326
5083
5085
2519
5086
5088
5089
5091
5092
5094
5095
5097
4321
5098
5100
2526
4644
5101
5103
2525
5104
5106
2530
5107
5109
2541
5110
5112
5113
5115
4639
5116
5118
2532
4335
5119
5121
2531
5122
5124
5125
5127
5128
5130
5131
5133
4330
5134
5136
2538
4653
5137
5139
2537
5140
5142
2542
5143
5145
2553
5146
5148
5149
5151
4648
5152
5154
2544
4344
5155
5157
2543
5158
5160
5161
5163
5164
5166
5167
5169
4339
5170
5172
2550
4662
5173
5175
2549
5176
5178
2554
5179
5181
2565
5182
5184
5185
5187
4657
5188
5190
2556
4353
5191
5193
2555
5194
5196
5197
5199
5200
5202
5203
5205
4348
5206
5208
2562
4671
5209
5211
2561
5212
5214
2566
5215
5217
2577
5218
5220
5221
5223
4666
5224
5226
2568
4362
5227
5229
2567
5230
5232
5233
5235
5236
5238
5239
5241
4357
5242
5244
2574
4680
5245
5247
2573
5248
5250
2578
5251
5253
2589
5254
5256
5257
5259
4675
5260
5262
2580
4371
5263
5265
2579
5266
5268
5269
5271
5272
5274
5275
5277
4366
5278
5280
2586
4689
5281
5283
2585
5284
5286
2590
5287
5289
2601
5290
5292
5293
5295
4684
5296
5298
2592
4380
5299
5301
2591
5302
5304
5305
5307
5308
5310
5311
5313
4375
5314
5316
2598
4698
5317
5319
2597
5320
5322
2602
5323
5325
2613
5326
5328
5329
5331
4693
5332
5334
2604
4389
5335
5337
2603
5338
5340
5341
5343
5344
5346
5347
5349
4384
5350
5352
2610
4707
5353
5355
2609
5356
5358
2614
5359
5361
2625
5362
5364
5365
5367
4702
5368
5370
2616
4398
5371
5373
2615
5374
5376
5377
5379
5380
5382
5383
5385
4393
5386
5388
2622
4716
5389
5391
2621
5392
5394
2626
5395
5397
2637
5398
5400
5401
5403
4711
5404
5406
2628
4407
5407
5409
2627
5410
5412
5413
5415
5416
5418
5419
5421
4402
5422
5424
2634
4725
5425
5427
2633
5428
5430
2638
5431
5433
2649
5434
5436
5437
5439
4720
5440
5442
2640
4416
5443
5445
2639
5446
5448
5449
5451
5452
5454
5455
5457
4411
5458
5460
2646
4734
5461
5463
2645
5464
5466
2650
5467
5469
2661
5470
5472
5473
5475
4729
5476
5478
2652
4425
5479
5481
2651
5482
5484
5485
5487
5488
5490
5491
5493
4420
5494
5496
2658
4743
5497
5499
2657
5500
5502
2662
5503
5505
2667
5506
5508
5509
5511
4738
5512
5514
2664
4434
5515
5517
2663
5518
5520
5521
5523
5524
5526
5527
5529
4429
5530
5532
2670
4443
5533
5535
2669
5536
5538
5539
5541
2673
3228
5542
5544
2672
5545
5547
4438
5548
5550
5551
5553
5554
5556
3223
5557
5559
2675
2682
3270
2676
3269
3275
3274
3877
2678
3279
3885
2679
3278
3284
3283
2681
3189
3846
2682
3188
2688
3207
5560
5562
2687
5563
5565
5566
5568
2691
4782
5570
5571
5583
2690
5569
5571
3202
5572
5574
2694
5575
5577
5578
5580
4777
5581
5583
2697
4830
5584
5586
2696
5587
5589
5590
5592
3264
5593
5595
5596
5598
4825
5599
5601
2699
2703
4863
2700
2702
2959
2702
2718
2703
4858
2705
2709
4875
2706
2708
3247
2708
2964
2709
4870
2711
2715
4899
2712
2714
2971
2714
2730
2715
4894
2717
2721
4911
2718
2720
2720
2976
2721
4906
2723
2727
4935
2724
2726
2983
2726
2742
2727
4930
2729
2733
4947
2730
2732
2732
2988
2733
4942
2735
2739
4971
2736
2738
2995
2738
2754
2739
4966
2741
2745
4983
2742
2744
2744
3000
2745
4978
2747
2751
5007
2748
2750
3007
2750
2766
2751
5002
2753
2757
5019
2754
2756
2756
3012
2757
5014
2759
2763
5043
2760
2762
3019
2762
2778
2763
5038
2765
2769
5055
2766
2768
2768
3024
2769
5050
2771
2775
5079
2772
2774
3031
2774
2790
2775
5074
2777
2781
5091
2778
2780
2780
3036
2781
5086
2783
2787
5115
2784
2786
3043
2786
2802
2787
5110
2789
2793
5127
2790
2792
2792
3048
2793
5122
2795
2799
5151
2796
2798
3055
2798
2814
2799
5146
2801
2805
5163
2802
2804
2804
3060
2805
5158
2807
2811
5187
2808
2810
3067
2810
2826
2811
5182
2813
2817
5199
2814
2816
2816
3072
2817
5194
2819
2823
5223
2820
2822
3079
2822
2838
2823
5218
2825
2829
5235
2826
2828
2828
3084
2829
5230
2831
2835
5259
2832
2834
3091
2834
2850
2835
5254
2837
2841
5271
2838
2840
2840
3096
2841
5266
2843
2847
5295
2844
2846
3103
2846
2862
2847
5290
2849
2853
5307
2850
2852
2852
3108
2853
5302
2855
2859
5331
2856
2858
3115
2858
2874
2859
5326
2861
2865
5343
2862
2864
2864
3120
2865
5338
2867
2871
5367
2868
2870
3127
2870
2886
2871
5362
2873
2877
5379
2874
2876
2876
3132
2877
5374
2879
2883
5403
2880
2882
3139
2882
2898
2883
5398
2885
2889
5415
2886
2888
2888
3144
2889
5410
2891
2895
5439
2892
2894
3151
2894
2910
2895
5434
2897
2901
5451
2898
2900
2900
3156
2901
5446
2903
2907
5475
2904
2906
3163
2906
2922
2907
5470
2909
2913
5487
2910
2912
2912
3168
2913
5482
2915
2919
5511
2916
2918
3175
2918
2928
2919
5506
2921
2925
5523
2922
2924
2924
3180
2925
5518
2927
2931
5541
2928
2930
2930
2934
5556
2931
2933
5536
2933
2934
5551
2940
4803
5602
5604
2939
5605
5607
2950
5608
5610
2943
4791
5611
5613
2942
5614
5616
4798
5617
5619
5620
5622
5623
5625
4786
5626
5628
2949
4812
5629
5631
2948
5632
5634
5635
5637
2952
4482
5638
5640
2951
5641
5643
4807
5644
5646
5647
5649
5650
5652
4477
5653
5655
2954
5553
2955
2957
2961
4857
2958
2960
2965
2960
2961
4852
2963
2967
4881
2964
2966
2966
2967
4876
2969
2973
4893
2970
2972
2977
2972
2973
4888
2975
2979
4917
2976
2978
2978
2979
4912
2981
2985
4929
2982
2984
2989
2984
2985
4924
2987
2991
4953
2988
2990
2990
2991
4948
2993
2997
4965
2994
2996
3001
2996
2997
4960
2999
3003
4989
3000
3002
3002
3003
4984
3005
3009
5001
3006
3008
3013
3008
3009
4996
3011
3015
5025
3012
3014
3014
3015
5020
3017
3021
5037
3018
3020
3025
3020
3021
5032
3023
3027
5061
3024
3026
3026
3027
5056
3029
3033
5073
3030
3032
3037
3032
3033
5068
3035
3039
5097
3036
3038
3038
3039
5092
3041
3045
5109
3042
3044
3049
3044
3045
5104
3047
3051
5133
3048
3050
3050
3051
5128
3053
3057
5145
3054
3056
3061
3056
3057
5140
3059
3063
5169
3060
3062
3062
3063
5164
3065
3069
5181
3066
3068
3073
3068
3069
5176
3071
3075
5205
3072
3074
3074
3075
5200
3077
3081
5217
3078
3080
3085
3080
3081
5212
3083
3087
5241
3084
3086
3086
3087
5236
3089
3093
5253
3090
3092
3097
3092
3093
5248
3095
3099
5277
3096
3098
3098
3099
5272
3101
3105
5289
3102
3104
3109
3104
3105
5284
3107
3111
5313
3108
3110
3110
3111
5308
3113
3117
5325
3114
3116
3121
3116
3117
5320
3119
3123
5349
3120
3122
3122
3123
5344
3125
3129
5361
3126
3128
3133
3128
3129
5356
3131
3135
5385
3132
3134
3134
3135
5380
3137
3141
5397
3138
3140
3145
3140
3141
5392
3143
3147
5421
3144
3146
3146
3147
5416
3149
3153
5433
3150
3152
3157
3152
3153
5428
3155
3159
5457
3156
3158
3158
3159
5452
3161
3165
5469
3162
3164
3169
3164
3165
5464
3167
3171
5493
3168
3170
3170
3171
5488
3173
3177
5505
3174
3176
3181
3176
3177
5500
3179
3183
5529
3180
3182
3182
3183
5524
3185
3273
3186
3280
3188
3189
5566
3195
3468
6572
6573
6576
3194
6571
6573
4228
6349
6571
6572
3198
5656
5658
3197
5659
5661
4456
6574
6576
5662
5664
5665
5667
5668
5670
3200
3204
4776
3201
3203
5668
3207
5671
5673
3204
3206
5671
5672
5677
4771
5674
5676
5677
5679
5680
5682
3209
3213
5592
3210
3212
3238
3212
3288
3213
5587
3219
3507
5683
5685
3218
5686
5688
5689
5691
3222
4563
6577
6579
3221
5692
5694
4555
6580
6582
5695
5697
5698
5700
3511
6583
6585
3228
5701
5703
3227
5704
5706
5707
5709
3227
3231
4752
3230
5706
5711
5712
5710
5712
3230
5664
3231
4747
3233
3237
5568
3234
3236
3236
3240
5580
3237
3239
5563
3239
3240
5575
3242
3246
5610
3243
3245
3256
3245
3249
5625
3246
3248
5605
3248
3249
5620
3251
3255
5637
3252
3254
3254
3258
5652
3255
3257
5632
3257
3258
5647
3260
3294
3261
3293
3299
3298
3267
4836
5713
5715
3266
5716
5718
5719
5721
4542
4848
5723
5724
5722
5724
4831
5713
5722
5723
3269
3273
3270
3272
3272
3276
4764
3273
3275
3275
5676
3276
4759
3278
3282
4767
3279
3281
5707
3281
3285
3282
3284
4762
3284
3285
3287
3291
5598
3288
3290
3290
3294
3291
5593
3293
3297
5721
3294
3296
3296
3300
4845
3297
3299
5716
3299
3300
4840
3302
3303
5729
3305
3306
3309
3308
3309
5733
3311
5729
3312
5741
3314
5732
3315
5745
3317
5741
3318
5753
3320
5744
3321
3394
5829
3323
4029
6006
3324
4028
4034
4033
6079
3326
3897
4038
3327
4037
4043
6633
7702
4027
4042
6628
3903
4047
7577
7578
4046
4052
7576
7578
4036
4051
7579
7581
3909
4056
7583
7584
4055
4061
7582
7584
4045
4060
7585
7587
3915
4065
7589
7590
4064
4070
7588
7590
4054
4069
7591
7593
3921
4074
7595
7596
4073
4079
7594
7596
4063
4078
7597
7599
3927
4083
7601
7602
4082
4088
7600
7602
4072
4087
7603
7605
3933
4092
7607
7608
4091
4097
7606
7608
4081
4096
7609
7611
3939
4101
7613
7614
4100
4106
7612
7614
4090
4105
7615
7617
3945
4110
7619
7620
4109
4115
7618
7620
4099
4114
7621
7623
3951
4119
7625
7626
4118
4124
7624
7626
4108
4123
7627
7629
3957
4128
7631
7632
4127
4133
7630
7632
4117
4132
7633
7635
3963
4137
7637
7638
4136
4142
7636
7638
4126
4141
7639
7641
3969
4146
7643
7644
4145
4151
7642
7644
4135
4150
7645
7647
3975
4155
7649
7650
4154
4160
7648
7650
4144
4159
7651
7653
3981
4164
7655
7656
4163
4169
7654
7656
4153
4168
7657
7659
3987
4173
7661
7662
4172
4178
7660
7662
4162
4177
7663
7665
3993
4182
7667
7668
4181
4187
7666
7668
4171
4186
7669
7671
3999
4191
7673
7674
4190
4196
7672
7674
4180
4195
7675
7677
4005
4200
7679
7680
4199
4205
7678
7680
4189
4204
7681
7683
4011
4209
7685
7686
4208
4214
7684
7686
4198
4213
7687
7689
3386
4017
4218
4217
4223
6993
7691
7692
4207
4222
7690
7692
3389
4023
4227
3390
4226
4232
4216
4231
3392
6078
6219
3393
4238
6218
4225
4237
3395
3396
5844
3398
4035
4248
7005
3399
4247
4253
7000
7821
4240
4252
3401
4257
6093
3402
4256
4262
4261
6229
3404
4266
6099
3405
4265
4271
3589
4270
3407
4275
6105
3408
4274
4280
3520
4279
3410
4284
6111
3411
4283
4289
3523
4288
3413
4293
6117
3414
4292
4298
3526
4297
3416
4302
6123
3417
4301
4307
3529
4306
3419
4311
6129
3420
4310
4316
3532
4315
3422
4320
6135
3423
4319
4325
3535
4324
3425
4329
6141
3426
4328
4334
3538
4333
3428
4338
6147
3429
4337
4343
3541
4342
3431
4347
6153
3432
4346
4352
3544
4351
3434
4356
6159
3435
4355
4361
3547
4360
3437
4365
6165
3438
4364
4370
3550
4369
3440
4374
6171
3441
4373
4379
3553
4378
3443
4383
6177
3444
4382
4388
3556
4387
3446
4392
6183
3447
4391
4397
3559
4396
3449
4401
6189
3450
4400
4406
3562
4405
3452
4410
6195
3453
4409
4415
3565
4414
3455
4419
6201
3456
4418
4424
3568
4423
3458
4428
6207
3459
4427
4433
3571
4432
3461
4437
6213
3462
4436
4442
3574
4441
3464
6216
6351
3465
4448
6350
3577
4447
3467
4239
4452
3468
4451
4457
4456
3470
6225
6357
3471
4460
6356
4450
4459
4254
4470
7693
7695
4469
4475
7696
7698
4462
4474
7696
7697
3476
3594
4479
3477
4478
4484
4483
6364
4458
4491
6586
6588
4490
4496
6589
6591
4495
6592
6594
3482
4461
6378
3483
4499
6377
4489
4498
3485
4476
4506
3486
4505
4511
4501
4510
4515
6595
6597
4514
4520
6598
6600
4504
4519
6601
6603
4497
4524
6604
6606
4523
4529
6607
6609
4528
6610
6612
3494
4500
6399
3495
4532
6398
4522
4531
3497
3498
5923
5906
3500
4521
4539
3501
4538
6416
4534
6415
3503
4542
4846
3504
4541
4547
4546
4530
4551
6613
6615
4550
4556
6613
6614
6617
6618
4555
6616
6618
3509
4533
6420
3510
4559
6419
4549
4558
3512
4563
6583
3513
4562
4568
4567
3515
4557
4572
3516
4571
4574
4561
4573
3518
3519
5949
5962
3521
4578
3522
4577
4583
4582
6094
3524
4587
3525
4586
4592
4591
6100
3527
4596
3528
4595
4601
4600
6106
3530
4605
3531
4604
4610
4609
6112
3533
4614
3534
4613
4619
4618
6118
3536
4623
3537
4622
4628
4627
6124
3539
4632
3540
4631
4637
4636
6130
3542
4641
3543
4640
4646
4645
6136
3545
4650
3546
4649
4655
4654
6142
3548
4659
3549
4658
4664
4663
6148
3551
4668
3552
4667
4673
4672
6154
3554
4677
3555
4676
4682
4681
6160
3557
4686
3558
4685
4691
4690
6166
3560
4695
3561
4694
4700
4699
6172
3563
4704
3564
4703
4709
4708
6178
3566
4713
3567
4712
4718
4717
6184
3569
4722
3570
4721
4727
4726
6190
3572
4731
3573
4730
4736
4735
6196
3575
4740
3576
4739
4745
4744
6202
3578
4749
3579
4748
4754
4753
6208
3581
4761
3582
4760
4766
4765
3584
4770
5874
3585
4769
4775
3871
4774
3587
3603
4779
3588
4778
4784
4783
6373
3590
4788
3591
4787
4793
4792
6088
3593
4797
6234
3594
4796
4802
4801
3596
4806
6393
3597
4805
4811
4810
3599
4815
6369
3600
4814
4820
4819
5890
3602
4824
5895
3603
4823
4829
4828
3605
3882
4833
3606
4832
4838
4837
6394
3608
4842
3609
4841
4847
4846
3611
4851
6453
3612
4850
4856
3619
4855
3614
3630
4860
3615
4859
4865
4864
6448
3617
4869
6240
3618
4868
4874
3859
4873
3620
4878
3621
4877
4883
4882
6235
3623
4887
6459
3624
4886
4892
3631
4891
3626
3642
4896
3627
4895
4901
4900
6454
3629
4905
6246
3630
4904
4910
4909
3632
4914
3633
4913
4919
4918
6241
3635
4923
6465
3636
4922
4928
3643
4927
3638
3654
4932
3639
4931
4937
4936
6460
3641
4941
6252
3642
4940
4946
4945
3644
4950
3645
4949
4955
4954
6247
3647
4959
6471
3648
4958
4964
3655
4963
3650
3666
4968
3651
4967
4973
4972
6466
3653
4977
6258
3654
4976
4982
4981
3656
4986
3657
4985
4991
4990
6253
3659
4995
6477
3660
4994
5000
3667
4999
3662
3678
5004
3663
5003
5009
5008
6472
3665
5013
6264
3666
5012
5018
5017
3668
5022
3669
5021
5027
5026
6259
3671
5031
6483
3672
5030
5036
3679
5035
3674
3690
5040
3675
5039
5045
5044
6478
3677
5049
6270
3678
5048
5054
5053
3680
5058
3681
5057
5063
5062
6265
3683
5067
6489
3684
5066
5072
3691
5071
3686
3702
5076
3687
5075
5081
5080
6484
3689
5085
6276
3690
5084
5090
5089
3692
5094
3693
5093
5099
5098
6271
3695
5103
6495
3696
5102
5108
3703
5107
3698
3714
5112
3699
5111
5117
5116
6490
3701
5121
6282
3702
5120
5126
5125
3704
5130
3705
5129
5135
5134
6277
3707
5139
6501
3708
5138
5144
3715
5143
3710
3726
5148
3711
5147
5153
5152
6496
3713
5157
6288
3714
5156
5162
5161
3716
5166
3717
5165
5171
5170
6283
3719
5175
6507
3720
5174
5180
3727
5179
3722
3738
5184
3723
5183
5189
5188
6502
3725
5193
6294
3726
5192
5198
5197
3728
5202
3729
5201
5207
5206
6289
3731
5211
6513
3732
5210
5216
3739
5215
3734
3750
5220
3735
5219
5225
5224
6508
3737
5229
6300
3738
5228
5234
5233
3740
5238
3741
5237
5243
5242
6295
3743
5247
6519
3744
5246
5252
3751
5251
3746
3762
5256
3747
5255
5261
5260
6514
3749
5265
6306
3750
5264
5270
5269
3752
5274
3753
5273
5279
5278
6301
3755
5283
6525
3756
5282
5288
3763
5287
3758
3774
5292
3759
5291
5297
5296
6520
3761
5301
6312
3762
5300
5306
5305
3764
5310
3765
5309
5315
5314
6307
3767
5319
6531
3768
5318
5324
3775
5323
3770
3786
5328
3771
5327
5333
5332
6526
3773
5337
6318
3774
5336
5342
5341
3776
5346
3777
5345
5351
5350
6313
3779
5355
6537
3780
5354
5360
3787
5359
3782
3798
5364
3783
5363
5369
5368
6532
3785
5373
6324
3786
5372
5378
5377
3788
5382
3789
5381
5387
5386
6319
3791
5391
6543
3792
5390
5396
3799
5395
3794
3810
5400
3795
5399
5405
5404
6538
3797
5409
6330
3798
5408
5414
5413
3800
5418
3801
5417
5423
5422
6325
3803
5427
6549
3804
5426
5432
3811
5431
3806
3822
5436
3807
5435
5441
5440
6544
3809
5445
6336
3810
5444
5450
5449
3812
5454
3813
5453
5459
5458
6331
3815
5463
6555
3816
5462
5468
3823
5467
3818
3834
5472
3819
5471
5477
5476
6550
3821
5481
6342
3822
5480
5486
5485
3824
5490
3825
5489
5495
5494
6337
3827
5499
6561
3828
5498
5504
3835
5503
3830
3840
5508
3831
5507
5513
5512
6556
3833
5517
6348
3834
5516
5522
5521
3836
5526
3837
5525
5531
5530
6343
3839
5535
3840
5534
5540
5539
3842
5553
3843
5552
5558
3883
5557
3845
3879
5562
3846
5561
5567
5566
3848
3852
5577
3849
5576
5582
5581
3851
5586
3852
5585
5591
5590
3854
3888
5595
3855
5594
5600
5599
3857
5604
6567
3858
5603
5609
3868
5608
3860
5622
3861
5621
5627
5626
6562
3863
5631
6570
3864
5630
5636
5635
3866
5640
3867
5639
5645
5644
3869
5649
3870
5648
5654
5653
6370
3872
5658
3873
5657
6575
6352
6574
3875
5664
3876
5663
5669
5668
3878
5676
3879
5675
5681
5680
3881
5685
5913
3882
5684
5690
5689
3884
5703
3885
5702
5708
5707
3887
5715
3888
5714
5720
5719
3890
4029
6006
3891
6002
6005
3895
6001
3893
3897
4038
3894
3896
6008
3901
6007
3896
5760
3897
5759
3899
3903
4047
3900
3902
6011
3907
6010
3902
5763
3903
5762
3905
3909
4056
3906
3908
6014
3913
6013
3908
5766
3909
5765
3911
3915
4065
3912
3914
6017
3919
6016
3914
5769
3915
5768
3917
3921
4074
3918
3920
6020
3925
6019
3920
5772
3921
5771
3923
3927
4083
3924
3926
6023
3931
6022
3926
5775
3927
5774
3929
3933
4092
3930
3932
6026
3937
6025
3932
5778
3933
5777
3935
3939
4101
3936
3938
6029
3943
6028
3938
5781
3939
5780
3941
3945
4110
3942
3944
6032
3949
6031
3944
5784
3945
5783
3947
3951
4119
3948
3950
6035
3955
6034
3950
5787
3951
5786
3953
3957
4128
3954
3956
6038
3961
6037
3956
5790
3957
5789
3959
3963
4137
3960
3962
6041
3967
6040
3962
5793
3963
5792
3965
3969
4146
3966
3968
6044
3973
6043
3968
5796
3969
5795
3971
3975
4155
3972
3974
6047
3979
6046
3974
5799
3975
5798
3977
3981
4164
3978
3980
6050
3985
6049
3980
5802
3981
5801
3983
3987
4173
3984
3986
6053
3991
6052
3986
5805
3987
5804
3989
3993
4182
3990
3992
6056
3997
6055
3992
5808
3993
5807
3995
3999
4191
3996
3998
6059
4003
6058
3998
5811
3999
5810
4001
4005
4200
4002
4004
6062
4009
6061
4004
5814
4005
5813
4007
4011
4209
4008
4010
6065
4015
6064
4010
5817
4011
5816
4013
4017
4218
4014
4016
6068
4021
6067
4016
5820
4017
5819
4019
4023
4227
4020
4022
6071
6070
6076
4022
5823
4023
5822
4025
4242
6084
4026
6080
6083
4033
6079
4028
4032
4029
4031
4031
4035
4248
6085
6086
7003
4032
4034
4042
6086
6087
6630
4034
4035
4041
7699
7701
4040
7702
7704
7702
7703
4044
6619
6621
4043
6622
6624
4051
6625
6627
6628
6630
6631
6633
6634
6636
4050
7705
7707
4049
7708
7710
7708
7709
4053
6637
6639
4052
6640
6642
4060
6643
6645
6646
6648
6649
6651
6652
6654
4059
7711
7713
4058
7714
7716
7714
7715
4062
6655
6657
4061
6658
6660
4069
6661
6663
6664
6666
6667
6669
6670
6672
4068
7717
7719
4067
7720
7722
7720
7721
4071
6673
6675
4070
6676
6678
4078
6679
6681
6682
6684
6685
6687
6688
6690
4077
7723
7725
4076
7726
7728
7726
7727
4080
6691
6693
4079
6694
6696
4087
6697
6699
6700
6702
6703
6705
6706
6708
4086
7729
7731
4085
7732
7734
7732
7733
4089
6709
6711
4088
6712
6714
4096
6715
6717
6718
6720
6721
6723
6724
6726
4095
7735
7737
4094
7738
7740
7738
7739
4098
6727
6729
4097
6730
6732
4105
6733
6735
6736
6738
6739
6741
6742
6744
4104
7741
7743
4103
7744
7746
7744
7745
4107
6745
6747
4106
6748
6750
4114
6751
6753
6754
6756
6757
6759
6760
6762
4113
7747
7749
4112
7750
7752
7750
7751
4116
6763
6765
4115
6766
6768
4123
6769
6771
6772
6774
6775
6777
6778
6780
4122
7753
7755
4121
7756
7758
7756
7757
4125
6781
6783
4124
6784
6786
4132
6787
6789
6790
6792
6793
6795
6796
6798
4131
7759
7761
4130
7762
7764
7762
7763
4134
6799
6801
4133
6802
6804
4141
6805
6807
6808
6810
6811
6813
6814
6816
4140
7765
7767
4139
7768
7770
7768
7769
4143
6817
6819
4142
6820
6822
4150
6823
6825
6826
6828
6829
6831
6832
6834
4149
7771
7773
4148
7774
7776
7774
7775
4152
6835
6837
4151
6838
6840
4159
6841
6843
6844
6846
6847
6849
6850
6852
4158
7777
7779
4157
7780
7782
7780
7781
4161
6853
6855
4160
6856
6858
4168
6859
6861
6862
6864
6865
6867
6868
6870
4167
7783
7785
4166
7786
7788
7786
7787
4170
6871
6873
4169
6874
6876
4177
6877
6879
6880
6882
6883
6885
6886
6888
4176
7789
7791
4175
7792
7794
7792
7793
4179
6889
6891
4178
6892
6894
4186
6895
6897
6898
6900
6901
6903
6904
6906
4185
7795
7797
4184
7798
7800
7798
7799
4188
6907
6909
4187
6910
6912
4195
6913
6915
6916
6918
6919
6921
6922
6924
4194
7801
7803
4193
7804
7806
7804
7805
4197
6925
6927
4196
6928
6930
4204
6931
6933
6934
6936
6937
6939
6940
6942
4203
7807
7809
4202
7810
7812
7810
7811
4206
6943
6945
4205
6946
6948
4213
6949
6951
6952
6954
6955
6957
6958
6960
4212
7813
7815
4211
7816
7818
7816
7817
4215
6961
6963
4214
6964
6966
4222
6967
6969
6970
6972
6973
6975
6976
6978
4217
4221
6987
4218
4220
6982
4224
6979
6981
4223
6982
6984
4231
6985
6987
6988
6990
6991
6993
6994
6996
4226
4230
4227
4229
4229
4233
4230
4232
4237
4232
6214
6215
6985
4233
6215
6216
6351
4235
4239
4452
4236
4238
6218
6217
6223
4238
4239
4241
4245
4242
4244
5855
5854
4244
4464
6228
4245
6227
4252
4251
6997
6999
4250
7000
7002
7003
7005
4254
4470
7006
7008
4253
7009
7011
7012
7014
7820
7821
7819
7821
7822
7824
4256
4260
4794
4257
4259
6634
4259
4263
4800
4260
4262
4789
4262
6999
4263
4795
4265
4269
4584
4266
4268
6652
4272
7015
7017
4269
4271
7015
7016
4579
6236
6237
4271
4788
6238
6239
7019
7020
7018
7020
4274
4278
4593
4275
4277
6670
4281
7021
7023
4278
4280
7021
7022
4588
6242
6243
4280
4578
6244
6245
7025
7026
7024
7026
4283
4287
4602
4284
4286
6688
4290
7027
7029
4287
4289
7027
7028
4597
6248
6249
4289
4587
6250
6251
7031
7032
7030
7032
4292
4296
4611
4293
4295
6706
4299
7033
7035
4296
4298
7033
7034
4606
6254
6255
4298
4596
6256
6257
7037
7038
7036
7038
4301
4305
4620
4302
4304
6724
4308
7039
7041
4305
4307
7039
7040
4615
6260
6261
4307
4605
6262
6263
7043
7044
7042
7044
4310
4314
4629
4311
4313
6742
4317
7045
7047
4314
4316
7045
7046
4624
6266
6267
4316
4614
6268
6269
7049
7050
7048
7050
4319
4323
4638
4320
4322
6760
4326
7051
7053
4323
4325
7051
7052
4633
6272
6273
4325
4623
6274
6275
7055
7056
7054
7056
4328
4332
4647
4329
4331
6778
4335
7057
7059
4332
4334
7057
7058
4642
6278
6279
4334
4632
6280
6281
7061
7062
7060
7062
4337
4341
4656
4338
4340
6796
4344
7063
7065
4341
4343
7063
7064
4651
6284
6285
4343
4641
6286
6287
7067
7068
7066
7068
4346
4350
4665
4347
4349
6814
4353
7069
7071
4350
4352
7069
7070
4660
6290
6291
4352
4650
6292
6293
7073
7074
7072
7074
4355
4359
4674
4356
4358
6832
4362
7075
7077
4359
4361
7075
7076
4669
6296
6297
4361
4659
6298
6299
7079
7080
7078
7080
4364
4368
4683
4365
4367
6850
4371
7081
7083
4368
4370
7081
7082
4678
6302
6303
4370
4668
6304
6305
7085
7086
7084
7086
4373
4377
4692
4374
4376
6868
4380
7087
7089
4377
4379
7087
7088
4687
6308
6309
4379
4677
6310
6311
7091
7092
7090
7092
4382
4386
4701
4383
4385
6886
4389
7093
7095
4386
4388
7093
7094
4696
6314
6315
4388
4686
6316
6317
7097
7098
7096
7098
4391
4395
4710
4392
4394
6904
4398
7099
7101
4395
4397
7099
7100
4705
6320
6321
4397
4695
6322
6323
7103
7104
7102
7104
4400
4404
4719
4401
4403
6922
4407
7105
7107
4404
4406
7105
7106
4714
6326
6327
4406
4704
6328
6329
7109
7110
7108
7110
4409
4413
4728
4410
4412
6940
4416
7111
7113
4413
4415
7111
7112
4723
6332
6333
4415
4713
6334
6335
7115
7116
7114
7116
4418
4422
4737
4419
4421
6958
4425
7117
7119
4422
4424
7117
7118
4732
6338
6339
4424
4722
6340
6341
7121
7122
7120
7122
4427
4431
4746
4428
4430
6976
4434
7123
7125
4431
4433
7123
7124
4741
6344
6345
4433
4731
6346
6347
7127
7128
7126
7128
4436
4440
4755
4437
4439
6994
4439
4443
5548
4440
4442
4750
4442
4740
4443
5535
4445
4449
5667
4446
4448
6350
6349
6571
4448
4749
4449
5662
4451
4455
4452
4454
4454
4458
4491
4455
4457
4459
4457
6352
6353
6574
4458
6353
6354
6588
4460
4461
6359
6358
4463
4467
4464
4466
5870
5869
4466
4503
6363
4467
6362
4474
4473
7129
7131
4472
7132
7134
7135
7137
4476
4506
7138
7140
4475
7141
7143
7144
7146
4475
4476
7143
7696
7138
4482
7147
7149
4479
4481
7147
7148
4801
6371
6372
4481
4485
4818
4482
4484
5640
7147
4484
7131
4485
4813
4487
4761
4488
5674
4490
4494
4491
4493
6591
6586
4493
4497
4524
7158
7837
4494
4496
7153
4498
7150
7152
7153
7155
7156
7158
4499
4500
6380
6379
4502
6384
4503
5888
6383
5887
4505
4509
6388
6389
6601
4506
4508
6389
6390
7140
4508
4512
4536
4509
4511
4519
4511
6384
4512
5908
4518
7159
7161
4517
7162
7164
7165
7167
4521
4539
7826
7827
4520
7825
7827
7828
7830
6603
7832
7833
7831
7833
7831
7832
4527
7835
7836
4526
7834
7836
7837
7839
4530
4551
7176
7841
7842
4529
7840
7842
4531
7840
7841
7168
7170
7171
7173
7174
7176
4532
4533
6401
6400
4535
6408
4536
5909
6407
5908
4538
6414
4539
6413
4541
4545
5691
4542
4544
4544
4548
5700
4545
4547
5686
4547
4548
5695
4550
4554
4551
4553
6613
4553
4557
4572
4554
4556
4558
7177
7179
4557
7177
7178
4559
4560
6422
5926
6421
4562
4566
4563
4565
6579
4565
4569
6435
4566
4568
4573
4568
4569
5941
4571
5928
6426
4572
6425
4574
4575
6425
5944
6424
4581
7180
7182
4578
4580
7180
7181
6449
6450
4580
4584
6451
6452
4583
7184
7185
7183
7185
4583
6639
4584
4590
7186
7188
4587
4589
7186
7187
6455
6456
4589
4593
6457
6458
4592
7190
7191
7189
7191
4592
6657
4593
4599
7192
7194
4596
4598
7192
7193
6461
6462
4598
4602
6463
6464
4601
7196
7197
7195
7197
4601
6675
4602
4608
7198
7200
4605
4607
7198
7199
6467
6468
4607
4611
6469
6470
4610
7202
7203
7201
7203
4610
6693
4611
4617
7204
7206
4614
4616
7204
7205
6473
6474
4616
4620
6475
6476
4619
7208
7209
7207
7209
4619
6711
4620
4626
7210
7212
4623
4625
7210
7211
6479
6480
4625
4629
6481
6482
4628
7214
7215
7213
7215
4628
6729
4629
4635
7216
7218
4632
4634
7216
7217
6485
6486
4634
4638
6487
6488
4637
7220
7221
7219
7221
4637
6747
4638
4644
7222
7224
4641
4643
7222
7223
6491
6492
4643
4647
6493
6494
4646
7226
7227
7225
7227
4646
6765
4647
4653
7228
7230
4650
4652
7228
7229
6497
6498
4652
4656
6499
6500
4655
7232
7233
7231
7233
4655
6783
4656
4662
7234
7236
4659
4661
7234
7235
6503
6504
4661
4665
6505
6506
4664
7238
7239
7237
7239
4664
6801
4665
4671
7240
7242
4668
4670
7240
7241
6509
6510
4670
4674
6511
6512
4673
7244
7245
7243
7245
4673
6819
4674
4680
7246
7248
4677
4679
7246
7247
6515
6516
4679
4683
6517
6518
4682
7250
7251
7249
7251
4682
6837
4683
4689
7252
7254
4686
4688
7252
7253
6521
6522
4688
4692
6523
6524
4691
7256
7257
7255
7257
4691
6855
4692
4698
7258
7260
4695
4697
7258
7259
6527
6528
4697
4701
6529
6530
4700
7262
7263
7261
7263
4700
6873
4701
4707
7264
7266
4704
4706
7264
7265
6533
6534
4706
4710
6535
6536
4709
7268
7269
7267
7269
4709
6891
4710
4716
7270
7272
4713
4715
7270
7271
6539
6540
4715
4719
6541
6542
4718
7274
7275
7273
7275
4718
6909
4719
4725
7276
7278
4722
4724
7276
7277
6545
6546
4724
4728
6547
6548
4727
7280
7281
7279
7281
4727
6927
4728
4734
7282
7284
4731
4733
7282
7283
6551
6552
4733
4737
6553
6554
4736
7286
7287
7285
7287
4736
6945
4737
4743
7288
7290
4740
4742
7288
7289
6557
6558
4742
4746
6559
6560
4745
7292
7293
7291
7293
4745
6963
4746
4748
4752
4749
4751
4751
4755
4752
4754
4754
6981
4755
4757
5709
4758
4765
4760
4764
4761
4763
4763
4767
4764
4766
4766
4767
4769
4773
4785
4770
4772
6592
4772
4776
4773
4775
4780
4775
5658
4776
4778
4782
5581
4779
4781
4828
4781
4785
4782
4784
4784
7152
4785
4791
7294
7296
4788
4790
7294
7295
6563
6564
4790
4794
4791
4793
5613
7294
4793
6621
4794
4796
4800
4797
4799
7012
4799
4803
5617
4800
4802
4802
6565
6566
4803
5604
6566
6567
4805
4809
4821
4806
4808
7165
4812
7297
7299
4809
4811
7297
7298
4816
4811
6568
6569
7301
7302
7300
7302
4814
4818
4815
4817
7144
4817
4821
4818
4820
4820
6597
4821
4823
4827
4839
4824
4826
6610
4826
4830
5599
4827
4829
4834
4829
4830
5586
4832
4836
4833
4835
5689
4835
4839
4836
4838
5715
4838
7170
4839
4841
4845
4842
4844
4844
4848
5724
4845
4847
4847
4848
4850
4854
4866
4851
4853
7183
4853
4857
4854
4856
4861
4856
4878
4857
4859
4863
4860
4862
4909
4862
4866
4863
4865
4865
7182
4866
4868
4872
4884
4869
4871
7018
4871
4875
4872
4874
4879
4874
5622
4875
4877
4881
4878
4880
4880
4884
4881
4883
4883
7017
4884
4886
4890
4902
4887
4889
7189
4889
4893
4890
4892
4897
4892
4914
4893
4895
4899
4896
4898
4945
4898
4902
4899
4901
4901
7188
4902
4904
4908
4920
4905
4907
7024
4907
4911
4908
4910
4915
4910
4911
4913
4917
4914
4916
4916
4920
4917
4919
4919
7023
4920
4922
4926
4938
4923
4925
7195
4925
4929
4926
4928
4933
4928
4950
4929
4931
4935
4932
4934
4981
4934
4938
4935
4937
4937
7194
4938
4940
4944
4956
4941
4943
7030
4943
4947
4944
4946
4951
4946
4947
4949
4953
4950
4952
4952
4956
4953
4955
4955
7029
4956
4958
4962
4974
4959
4961
7201
4961
4965
4962
4964
4969
4964
4986
4965
4967
4971
4968
4970
5017
4970
4974
4971
4973
4973
7200
4974
4976
4980
4992
4977
4979
7036
4979
4983
4980
4982
4987
4982
4983
4985
4989
4986
4988
4988
4992
4989
4991
4991
7035
4992
4994
4998
5010
4995
4997
7207
4997
5001
4998
5000
5005
5000
5022
5001
5003
5007
5004
5006
5053
5006
5010
5007
5009
5009
7206
5010
5012
5016
5028
5013
5015
7042
5015
5019
5016
5018
5023
5018
5019
5021
5025
5022
5024
5024
5028
5025
5027
5027
7041
5028
5030
5034
5046
5031
5033
7213
5033
5037
5034
5036
5041
5036
5058
5037
5039
5043
5040
5042
5089
5042
5046
5043
5045
5045
7212
5046
5048
5052
5064
5049
5051
7048
5051
5055
5052
5054
5059
5054
5055
5057
5061
5058
5060
5060
5064
5061
5063
5063
7047
5064
5066
5070
5082
5067
5069
7219
5069
5073
5070
5072
5077
5072
5094
5073
5075
5079
5076
5078
5125
5078
5082
5079
5081
5081
7218
5082
5084
5088
5100
5085
5087
7054
5087
5091
5088
5090
5095
5090
5091
5093
5097
5094
5096
5096
5100
5097
5099
5099
7053
5100
5102
5106
5118
5103
5105
7225
5105
5109
5106
5108
5113
5108
5130
5109
5111
5115
5112
5114
5161
5114
5118
5115
5117
5117
7224
5118
5120
5124
5136
5121
5123
7060
5123
5127
5124
5126
5131
5126
5127
5129
5133
5130
5132
5132
5136
5133
5135
5135
7059
5136
5138
5142
5154
5139
5141
7231
5141
5145
5142
5144
5149
5144
5166
5145
5147
5151
5148
5150
5197
5150
5154
5151
5153
5153
7230
5154
5156
5160
5172
5157
5159
7066
5159
5163
5160
5162
5167
5162
5163
5165
5169
5166
5168
5168
5172
5169
5171
5171
7065
5172
5174
5178
5190
5175
5177
7237
5177
5181
5178
5180
5185
5180
5202
5181
5183
5187
5184
5186
5233
5186
5190
5187
5189
5189
7236
5190
5192
5196
5208
5193
5195
7072
5195
5199
5196
5198
5203
5198
5199
5201
5205
5202
5204
5204
5208
5205
5207
5207
7071
5208
5210
5214
5226
5211
5213
7243
5213
5217
5214
5216
5221
5216
5238
5217
5219
5223
5220
5222
5269
5222
5226
5223
5225
5225
7242
5226
5228
5232
5244
5229
5231
7078
5231
5235
5232
5234
5239
5234
5235
5237
5241
5238
5240
5240
5244
5241
5243
5243
7077
5244
5246
5250
5262
5247
5249
7249
5249
5253
5250
5252
5257
5252
5274
5253
5255
5259
5256
5258
5305
5258
5262
5259
5261
5261
7248
5262
5264
5268
5280
5265
5267
7084
5267
5271
5268
5270
5275
5270
5271
5273
5277
5274
5276
5276
5280
5277
5279
5279
7083
5280
5282
5286
5298
5283
5285
7255
5285
5289
5286
5288
5293
5288
5310
5289
5291
5295
5292
5294
5341
5294
5298
5295
5297
5297
7254
5298
5300
5304
5316
5301
5303
7090
5303
5307
5304
5306
5311
5306
5307
5309
5313
5310
5312
5312
5316
5313
5315
5315
7089
5316
5318
5322
5334
5319
5321
7261
5321
5325
5322
5324
5329
5324
5346
5325
5327
5331
5328
5330
5377
5330
5334
5331
5333
5333
7260
5334
5336
5340
5352
5337
5339
7096
5339
5343
5340
5342
5347
5342
5343
5345
5349
5346
5348
5348
5352
5349
5351
5351
7095
5352
5354
5358
5370
5355
5357
7267
5357
5361
5358
5360
5365
5360
5382
5361
5363
5367
5364
5366
5413
5366
5370
5367
5369
5369
7266
5370
5372
5376
5388
5373
5375
7102
5375
5379
5376
5378
5383
5378
5379
5381
5385
5382
5384
5384
5388
5385
5387
5387
7101
5388
5390
5394
5406
5391
5393
7273
5393
5397
5394
5396
5401
5396
5418
5397
5399
5403
5400
5402
5449
5402
5406
5403
5405
5405
7272
5406
5408
5412
5424
5409
5411
7108
5411
5415
5412
5414
5419
5414
5415
5417
5421
5418
5420
5420
5424
5421
5423
5423
7107
5424
5426
5430
5442
5427
5429
7279
5429
5433
5430
5432
5437
5432
5454
5433
5435
5439
5436
5438
5485
5438
5442
5439
5441
5441
7278
5442
5444
5448
5460
5445
5447
7114
5447
5451
5448
5450
5455
5450
5451
5453
5457
5454
5456
5456
5460
5457
5459
5459
7113
5460
5462
5466
5478
5463
5465
7285
5465
5469
5466
5468
5473
5468
5490
5469
5471
5475
5472
5474
5521
5474
5478
5475
5477
5477
7284
5478
5480
5484
5496
5481
5483
7120
5483
5487
5484
5486
5491
5486
5487
5489
5493
5490
5492
5492
5496
5493
5495
5495
7119
5496
5498
5502
5514
5499
5501
7291
5501
5505
5502
5504
5509
5504
5526
5505
5507
5511
5508
5510
5539
5510
5514
5511
5513
5513
7290
5514
5516
5520
5532
5517
5519
7126
5519
5523
5520
5522
5527
5522
5523
5525
5529
5526
5528
5528
5532
5529
5531
5531
7125
5532
5534
5538
5550
5535
5537
5537
5541
5538
5540
5545
5540
5541
5543
5547
5559
5544
5546
5710
5546
5550
5547
5549
5554
5549
5550
5552
5556
5553
5555
5555
5559
5556
5558
5558
5703
5559
5561
5565
5574
5562
5564
5680
5564
5568
5565
5567
5569
5567
5568
5570
5574
5571
5573
5578
5573
5673
5574
5576
5580
5577
5579
5590
5579
5583
5580
5582
5582
5583
5585
5589
5601
5586
5588
5588
5592
5589
5591
5596
5591
5592
5594
5598
5595
5597
5719
5597
5601
5598
5600
5600
5601
5603
5607
5619
5604
5606
5606
5610
5607
5609
5614
5609
5649
5610
5612
5616
5628
5613
5615
5615
5619
5616
5618
5623
5618
5619
5621
5625
5622
5624
5624
5628
5625
5627
5627
7296
5628
5630
5634
5646
5631
5633
7300
5633
5637
5634
5636
5641
5636
5637
5639
5643
5655
5640
5642
5642
5646
5643
5645
5650
5645
7299
5646
5648
5652
5649
5651
5651
5655
5652
5654
5654
7149
5655
5657
5661
5670
5658
5660
5660
6573
6576
5661
6575
5665
5663
5667
5664
5666
5666
5670
5667
5669
5669
5670
5672
5682
5673
5675
5679
5676
5678
5678
5682
5679
5681
5681
5682
5684
5688
6582
5685
5687
6616
5687
5691
5688
5690
5692
5690
5691
5693
6582
5694
6578
6581
5698
6577
5696
5700
5697
5699
5996
5995
5699
6585
5700
6584
5702
5706
5712
5703
5705
5705
5709
5706
5708
5708
5709
5711
5712
5714
5718
5715
5717
5717
5721
5718
5720
5722
5720
5721
5723
5724
5726
5727
5730
5740
7304
5729
5730
5732
5733
5736
5735
5736
5743
7308
5738
7304
5739
5742
5752
7310
5741
5742
5744
5745
5748
5747
7307
5748
5827
7314
5750
7310
5751
5754
5830
7910
5753
5754
5833
5756
6003
7386
5757
6002
6005
6004
7519
5759
6009
7392
5760
6008
6001
5762
6012
7398
5763
6011
6007
5765
6015
7404
5766
6014
6010
5768
6018
7410
5769
6017
6013
5771
6021
7416
5772
6020
6016
5774
6024
7422
5775
6023
6019
5777
6027
7428
5778
6026
6022
5780
6030
7434
5781
6029
6025
5783
6033
7440
5784
6032
6028
5786
6036
7446
5787
6035
6031
5789
6039
7452
5790
6038
6034
5792
6042
7458
5793
6041
6037
5795
6045
7464
5796
6044
6040
5798
6048
7470
5799
6047
6043
5801
6051
7476
5802
6050
6046
5804
6054
7482
5805
6053
6049
5807
6057
7488
5808
6056
6052
5810
6060
7494
5811
6059
6055
5813
6063
7500
5814
6062
6058
5816
6066
7506
5817
6065
6061
5819
6069
7512
5820
6068
6064
5822
6072
7518
5823
6071
6067
5825
5826
6077
6070
6076
5828
5829
5842
7317
5831
5832
5835
5848
7913
5834
5835
5851
5837
6081
7524
5838
6080
6083
6082
7525
5840
5841
6224
6217
6223
5843
5844
5847
5857
5846
7316
5847
5860
7917
5849
5850
5853
5863
7919
5852
5853
5866
5855
6084
5856
6227
6226
7531
5858
5859
5862
5875
5861
5862
5878
7926
5864
5865
5868
5881
7928
5867
5868
5884
5870
6228
5871
6362
6361
7540
5873
6354
6588
5874
6587
6593
6592
5876
5877
5880
5896
5879
5880
5899
7935
5882
5883
5886
5902
7937
5885
5886
5905
5888
6363
5889
6386
6385
7549
5891
6597
5892
6596
6602
6388
6601
5894
6375
6606
5895
6605
6611
6610
5897
5898
5901
5914
5900
5901
5917
7941
5903
5904
5907
7333
7943
5906
5907
5920
5909
5910
6410
6403
6409
5912
6396
6615
5913
6614
6617
6616
5915
5916
5919
5929
5918
5919
5932
7947
5921
5922
5925
7345
7334
5924
5925
5935
5927
6429
5928
6428
6431
6430
5930
5931
5934
5947
5933
5934
7351
7950
5936
5937
5940
7354
7346
5939
5940
5950
5942
6435
5943
6434
6440
6439
5945
6444
5946
6443
6446
6433
6445
5948
5949
5965
7353
5951
5952
5955
7360
7355
5954
5955
5958
5968
5957
5958
5961
5971
5960
5961
5974
5963
5964
5967
5980
5966
5967
7359
7363
5969
5970
5973
7963
7361
5972
5973
5976
7966
5975
5976
7969
5978
5979
5982
5992
5981
5982
7365
7366
5984
5985
5988
7369
5987
5988
5991
7372
5990
5991
5994
7375
5993
5994
7368
7378
5996
5997
6584
6583
5999
6081
7524
6000
7520
7523
6004
7519
6002
6003
7381
6005
6006
6008
6009
7387
6011
6012
7393
6014
6015
7399
6017
6018
7405
6020
6021
7411
6023
6024
7417
6026
6027
7423
6029
6030
7429
6032
6033
7435
6035
6036
7441
6038
6039
7447
6041
6042
7453
6044
6045
7459
6047
6048
7465
6050
6051
7471
6053
6054
7477
6056
6057
7483
6059
6060
7489
6062
6063
7495
6065
6066
7501
6068
6069
7507
6071
6072
7513
6074
6078
6219
6075
6077
6077
6078
6080
6081
6083
7530
6084
6086
6231
6087
6091
6089
6621
6090
6620
6626
6097
6625
6092
6630
6093
6629
6635
6634
6095
6639
6096
6638
6644
6103
6643
6098
6648
6099
6647
6653
6652
6101
6657
6102
6656
6662
6109
6661
6104
6666
6105
6665
6671
6670
6107
6675
6108
6674
6680
6115
6679
6110
6684
6111
6683
6689
6688
6113
6693
6114
6692
6698
6121
6697
6116
6702
6117
6701
6707
6706
6119
6711
6120
6710
6716
6127
6715
6122
6720
6123
6719
6725
6724
6125
6729
6126
6728
6734
6133
6733
6128
6738
6129
6737
6743
6742
6131
6747
6132
6746
6752
6139
6751
6134
6756
6135
6755
6761
6760
6137
6765
6138
6764
6770
6145
6769
6140
6774
6141
6773
6779
6778
6143
6783
6144
6782
6788
6151
6787
6146
6792
6147
6791
6797
6796
6149
6801
6150
6800
6806
6157
6805
6152
6810
6153
6809
6815
6814
6155
6819
6156
6818
6824
6163
6823
6158
6828
6159
6827
6833
6832
6161
6837
6162
6836
6842
6169
6841
6164
6846
6165
6845
6851
6850
6167
6855
6168
6854
6860
6175
6859
6170
6864
6171
6863
6869
6868
6173
6873
6174
6872
6878
6181
6877
6176
6882
6177
6881
6887
6886
6179
6891
6180
6890
6896
6187
6895
6182
6900
6183
6899
6905
6904
6185
6909
6186
6908
6914
6193
6913
6188
6918
6189
6917
6923
6922
6191
6927
6192
6926
6932
6199
6931
6194
6936
6195
6935
6941
6940
6197
6945
6198
6944
6950
6205
6949
6200
6954
6201
6953
6959
6958
6203
6963
6204
6962
6968
6211
6967
6206
6972
6207
6971
6977
6976
6209
6981
6210
6980
6986
6214
6985
6212
6990
6213
6989
6995
6994
6215
6216
6218
6219
6221
6225
6357
6222
6224
6224
6225
6227
7536
6228
6230
6999
6231
6998
7004
7003
6233
6366
7008
6234
7007
7013
7012
6236
7017
6237
7016
6451
6239
6564
6240
7019
7018
6242
7023
6243
7022
6457
6245
6450
6246
7025
7024
6248
7029
6249
7028
6463
6251
6456
6252
7031
7030
6254
7035
6255
7034
6469
6257
6462
6258
7037
7036
6260
7041
6261
7040
6475
6263
6468
6264
7043
7042
6266
7047
6267
7046
6481
6269
6474
6270
7049
7048
6272
7053
6273
7052
6487
6275
6480
6276
7055
7054
6278
7059
6279
7058
6493
6281
6486
6282
7061
7060
6284
7065
6285
7064
6499
6287
6492
6288
7067
7066
6290
7071
6291
7070
6505
6293
6498
6294
7073
7072
6296
7077
6297
7076
6511
6299
6504
6300
7079
7078
6302
7083
6303
7082
6517
6305
6510
6306
7085
7084
6308
7089
6309
7088
6523
6311
6516
6312
7091
7090
6314
7095
6315
7094
6529
6317
6522
6318
7097
7096
6320
7101
6321
7100
6535
6323
6528
6324
7103
7102
6326
7107
6327
7106
6541
6329
6534
6330
7109
7108
6332
7113
6333
7112
6547
6335
6540
6336
7115
7114
6338
7119
6339
7118
6553
6341
6546
6342
7121
7120
6344
7125
6345
7124
6559
6347
6552
6348
7127
7126
6350
6351
6353
6354
6356
6360
7320
6357
6359
6359
6378
6360
7537
6362
7545
6363
6365
7131
6366
7130
7136
7135
6368
6390
7140
6369
7139
7145
7144
6371
7149
6372
7148
6565
6374
7152
6375
7151
7157
7156
6377
6381
7323
6378
6380
6380
6399
6381
7546
6383
6387
6405
6384
6386
6386
7554
6387
7327
6389
6390
6392
7161
6393
7160
7166
7165
6395
7170
6396
7169
7175
7174
6398
6402
7326
6399
6401
6401
6420
6402
7555
6404
7560
6405
7328
7559
7327
6407
6411
7566
6408
6410
6415
6410
7560
6411
7336
6413
6417
7569
6414
6416
6416
6417
7339
6419
6423
7332
6420
6422
6422
6429
6423
7561
6425
6444
6426
6430
6428
7344
7572
6429
7571
6431
6432
7571
7348
7570
6434
6438
6435
6437
6437
6441
6438
6440
6445
6440
6441
6443
7350
7575
6444
7574
6446
6447
7574
7573
6449
7182
6450
7181
6452
6453
7184
7183
6455
7188
6456
7187
6458
6459
7190
7189
6461
7194
6462
7193
6464
6465
7196
7195
6467
7200
6468
7199
6470
6471
7202
7201
6473
7206
6474
7205
6476
6477
7208
7207
6479
7212
6480
7211
6482
6483
7214
7213
6485
7218
6486
7217
6488
6489
7220
7219
6491
7224
6492
7223
6494
6495
7226
7225
6497
7230
6498
7229
6500
6501
7232
7231
6503
7236
6504
7235
6506
6507
7238
7237
6509
7242
6510
7241
6512
6513
7244
7243
6515
7248
6516
7247
6518
6519
7250
7249
6521
7254
6522
7253
6524
6525
7256
7255
6527
7260
6528
7259
6530
6531
7262
7261
6533
7266
6534
7265
6536
6537
7268
7267
6539
7272
6540
7271
6542
6543
7274
7273
6545
7278
6546
7277
6548
6549
7280
7279
6551
7284
6552
7283
6554
6555
7286
7285
6557
7290
6558
7289
6560
6561
7292
7291
6563
7296
6564
7295
6566
6567
6569
6570
7301
7300
6572
6573
6575
6576
6578
6585
6579
6581
7179
6582
6584
6585
6587
6591
6588
6590
6590
6594
7155
6591
6593
6593
6594
7150
6596
6600
7167
6597
6599
6599
6603
7833
6600
6602
7162
6602
6603
6605
6609
7839
6606
6608
7156
6608
6612
7173
6609
6611
7834
6611
6612
7168
6614
6615
7174
6617
6618
7177
6620
6624
6636
6621
6623
6623
6627
7704
6624
6626
6631
6626
6648
6627
7699
6629
6633
6630
6632
6632
6636
6633
6635
6635
6636
6638
6642
6654
6639
6641
6641
6645
7710
6642
6644
6649
6644
6666
6645
7705
6647
6651
7581
6648
6650
6650
6654
6651
6653
7576
6653
6654
6656
6660
6672
6657
6659
6659
6663
7716
6660
6662
6667
6662
6684
6663
7711
6665
6669
7587
6666
6668
6668
6672
6669
6671
7582
6671
6672
6674
6678
6690
6675
6677
6677
6681
7722
6678
6680
6685
6680
6702
6681
7717
6683
6687
7593
6684
6686
6686
6690
6687
6689
7588
6689
6690
6692
6696
6708
6693
6695
6695
6699
7728
6696
6698
6703
6698
6720
6699
7723
6701
6705
7599
6702
6704
6704
6708
6705
6707
7594
6707
6708
6710
6714
6726
6711
6713
6713
6717
7734
6714
6716
6721
6716
6738
6717
7729
6719
6723
7605
6720
6722
6722
6726
6723
6725
7600
6725
6726
6728
6732
6744
6729
6731
6731
6735
7740
6732
6734
6739
6734
6756
6735
7735
6737
6741
7611
6738
6740
6740
6744
6741
6743
7606
6743
6744
6746
6750
6762
6747
6749
6749
6753
7746
6750
6752
6757
6752
6774
6753
7741
6755
6759
7617
6756
6758
6758
6762
6759
6761
7612
6761
6762
6764
6768
6780
6765
6767
6767
6771
7752
6768
6770
6775
6770
6792
6771
7747
6773
6777
7623
6774
6776
6776
6780
6777
6779
7618
6779
6780
6782
6786
6798
6783
6785
6785
6789
7758
6786
6788
6793
6788
6810
6789
7753
6791
6795
7629
6792
6794
6794
6798
6795
6797
7624
6797
6798
6800
6804
6816
6801
6803
6803
6807
7764
6804
6806
6811
6806
6828
6807
7759
6809
6813
7635
6810
6812
6812
6816
6813
6815
7630
6815
6816
6818
6822
6834
6819
6821
6821
6825
7770
6822
6824
6829
6824
6846
6825
7765
6827
6831
7641
6828
6830
6830
6834
6831
6833
7636
6833
6834
6836
6840
6852
6837
6839
6839
6843
7776
6840
6842
6847
6842
6864
6843
7771
6845
6849
7647
6846
6848
6848
6852
6849
6851
7642
6851
6852
6854
6858
6870
6855
6857
6857
6861
7782
6858
6860
6865
6860
6882
6861
7777
6863
6867
7653
6864
6866
6866
6870
6867
6869
7648
6869
6870
6872
6876
6888
6873
6875
6875
6879
7788
6876
6878
6883
6878
6900
6879
7783
6881
6885
7659
6882
6884
6884
6888
6885
6887
7654
6887
6888
6890
6894
6906
6891
6893
6893
6897
7794
6894
6896
6901
6896
6918
6897
7789
6899
6903
7665
6900
6902
6902
6906
6903
6905
7660
6905
6906
6908
6912
6924
6909
6911
6911
6915
7800
6912
6914
6919
6914
6936
6915
7795
6917
6921
7671
6918
6920
6920
6924
6921
6923
7666
6923
6924
6926
6930
6942
6927
6929
6929
6933
7806
6930
6932
6937
6932
6954
6933
7801
6935
6939
7677
6936
6938
6938
6942
6939
6941
7672
6941
6942
6944
6948
6960
6945
6947
6947
6951
7812
6948
6950
6955
6950
6972
6951
7807
6953
6957
7683
6954
6956
6956
6960
6957
6959
7678
6959
6960
6962
6966
6978
6963
6965
6965
6969
7818
6966
6968
6973
6968
6990
6969
7813
6971
6975
7689
6972
6974
6974
6978
6975
6977
7684
6977
6978
6980
6984
6996
6981
6983
6983
6987
6984
6986
6991
6986
6987
6989
6993
7692
6990
6992
6992
6996
6993
6995
6995
6996
6998
7002
7014
6999
7001
7001
7005
7002
7004
7009
7004
7005
7007
7011
7824
7008
7010
7135
7010
7014
7011
7013
7819
7013
7014
7016
7020
7017
7019
7020
7022
7026
7023
7025
7026
7028
7032
7029
7031
7032
7034
7038
7035
7037
7038
7040
7044
7041
7043
7044
7046
7050
7047
7049
7050
7052
7056
7053
7055
7056
7058
7062
7059
7061
7062
7064
7068
7065
7067
7068
7070
7074
7071
7073
7074
7076
7080
7077
7079
7080
7082
7086
7083
7085
7086
7088
7092
7089
7091
7092
7094
7098
7095
7097
7098
7100
7104
7101
7103
7104
7106
7110
7107
7109
7110
7112
7116
7113
7115
7116
7118
7122
7119
7121
7122
7124
7128
7125
7127
7128
7130
7134
7146
7131
7133
7133
7137
7698
7134
7136
7141
7136
7137
7693
7139
7143
7140
7142
7142
7146
7143
7145
7145
7146
7148
7149
7151
7155
7152
7154
7154
7158
7155
7157
7157
7158
7160
7164
7830
7161
7163
7163
7167
7164
7166
7825
7166
7167
7169
7173
7170
7172
7172
7176
7842
7173
7175
7175
7176
7178
7179
7181
7185
7182
7184
7185
7187
7191
7188
7190
7191
7193
7197
7194
7196
7197
7199
7203
7200
7202
7203
7205
7209
7206
7208
7209
7211
7215
7212
7214
7215
7217
7221
7218
7220
7221
7223
7227
7224
7226
7227
7229
7233
7230
7232
7233
7235
7239
7236
7238
7239
7241
7245
7242
7244
7245
7247
7251
7248
7250
7251
7253
7257
7254
7256
7257
7259
7263
7260
7262
7263
7265
7269
7266
7268
7269
7271
7275
7272
7274
7275
7277
7281
7278
7280
7281
7283
7287
7284
7286
7287
7289
7293
7290
7292
7293
7295
7296
7298
7302
7299
7301
7302
7304
7305
7844
7307
7308
7310
7844
7311
7313
7314
7315
7316
7317
7319
7320
7538
7537
7322
7539
8043
7323
7547
8042
7546
7325
7548
8049
7326
7556
8048
7555
7328
7329
7331
7557
8055
7332
7562
8054
7561
7334
7335
7951
7337
7566
7338
7565
7340
7569
7341
7568
8063
7564
8062
7343
7563
7344
7346
7347
7957
7952
7349
7350
7352
7353
7357
7956
7355
7356
7960
7958
7358
7359
7361
7362
7961
7364
7365
7367
7368
7370
7371
7374
7373
7374
7377
7376
7377
7380
7379
7380
7382
7386
7383
7385
7390
7385
7386
7388
7392
7389
7391
7973
7396
7972
7391
7848
7392
7847
7394
7398
7395
7397
7976
7402
7975
7397
7851
7398
7850
7400
7404
7401
7403
7979
7408
7978
7403
7854
7404
7853
7406
7410
7407
7409
7982
7414
7981
7409
7857
7410
7856
7412
7416
7413
7415
7985
7420
7984
7415
7860
7416
7859
7418
7422
7419
7421
7988
7426
7987
7421
7863
7422
7862
7424
7428
7425
7427
7991
7432
7990
7427
7866
7428
7865
7430
7434
7431
7433
7994
7438
7993
7433
7869
7434
7868
7436
7440
7437
7439
7997
7444
7996
7439
7872
7440
7871
7442
7446
7443
7445
8000
7450
7999
7445
7875
7446
7874
7448
7452
7449
7451
8003
7456
8002
7451
7878
7452
7877
7454
7458
7455
7457
8006
7462
8005
7457
7881
7458
7880
7460
7464
7461
7463
8009
7468
8008
7463
7884
7464
7883
7466
7470
7467
7469
8012
7474
8011
7469
7887
7470
7886
7472
7476
7473
7475
8015
7480
8014
7475
7890
7476
7889
7478
7482
7479
7481
8018
7486
8017
7481
7893
7482
7892
7484
7488
7485
7487
8021
7492
8020
7487
7896
7488
7895
7490
7494
7491
7493
8024
7498
8023
7493
7899
7494
7898
7496
7500
7497
7499
8027
7504
8026
7499
7902
7500
7901
7502
7506
7503
7505
8030
7510
8029
7505
7905
7506
7904
7508
7512
7509
7511
8033
7516
8032
7511
7908
7512
7907
7514
7518
7515
7517
7517
7518
7520
7521
7523
7524
7526
7530
7527
7529
7529
7533
7530
7532
7536
7533
7535
7922
7921
7535
7542
8037
7536
8036
7538
7539
7541
7545
7542
7544
7931
7930
7544
7551
8040
7545
8039
7547
7548
8045
8044
7550
7554
7551
7553
7553
7554
7556
7557
8051
8050
7559
7560
7562
7563
7565
8058
7566
8057
7568
8061
7569
8060
7571
7572
7574
7575
7577
7581
7578
7580
7708
7580
7701
7581
7583
7587
7584
7586
7714
7586
7707
7587
7589
7593
7590
7592
7720
7592
7713
7593
7595
7599
7596
7598
7726
7598
7719
7599
7601
7605
7602
7604
7732
7604
7725
7605
7607
7611
7608
7610
7738
7610
7731
7611
7613
7617
7614
7616
7744
7616
7737
7617
7619
7623
7620
7622
7750
7622
7743
7623
7625
7629
7626
7628
7756
7628
7749
7629
7631
7635
7632
7634
7762
7634
7755
7635
7637
7641
7638
7640
7768
7640
7761
7641
7643
7647
7644
7646
7774
7646
7767
7647
7649
7653
7650
7652
7780
7652
7773
7653
7655
7659
7656
7658
7786
7658
7779
7659
7661
7665
7662
7664
7792
7664
7785
7665
7667
7671
7668
7670
7798
7670
7791
7671
7673
7677
7674
7676
7804
7676
7797
7677
7679
7683
7680
7682
7810
7682
7803
7683
7685
7689
7686
7688
7816
7688
7809
7689
7691
7815
7692
7694
7698
7695
7697
7822
7697
7698
7700
7704
7701
7703
7703
7704
7706
7710
7707
7709
7709
7710
7712
7716
7713
7715
7715
7716
7718
7722
7719
7721
7721
7722
7724
7728
7725
7727
7727
7728
7730
7734
7731
7733
7733
7734
7736
7740
7737
7739
7739
7740
7742
7746
7743
7745
7745
7746
7748
7752
7749
7751
7751
7752
7754
7758
7755
7757
7757
7758
7760
7764
7761
7763
7763
7764
7766
7770
7767
7769
7769
7770
7772
7776
7773
7775
7775
7776
7778
7782
7779
7781
7781
7782
7784
7788
7785
7787
7787
7788
7790
7794
7791
7793
7793
7794
7796
7800
7797
7799
7799
7800
7802
7806
7803
7805
7805
7806
7808
7812
7809
7811
7811
7812
7814
7818
7815
7817
7817
7818
7820
7824
7821
7823
7823
7824
7826
7830
7827
7829
7831
7829
7830
7832
7833
7835
7839
7836
7838
7840
7838
7839
7841
7842
7844
7845
7847
7974
7848
7973
7850
7977
7851
7976
7972
7853
7980
7854
7979
7975
7856
7983
7857
7982
7978
7859
7986
7860
7985
7981
7862
7989
7863
7988
7984
7865
7992
7866
7991
7987
7868
7995
7869
7994
7990
7871
7998
7872
7997
7993
7874
8001
7875
8000
7996
7877
8004
7878
8003
7999
7880
8007
7881
8006
8002
7883
8010
7884
8009
8005
7886
8013
7887
8012
8008
7889
8016
7890
8015
8011
7892
8019
7893
8018
8014
7895
8022
7896
8021
8017
7898
8025
7899
8024
8020
7901
8028
7902
8027
8023
7904
8031
7905
8030
8026
7907
8034
7908
8033
8029
7910
7911
7912
7913
7914
7918
7916
7917
7924
7919
7920
7927
7922
7923
8036
8035
7925
7926
7933
7928
7929
7936
7931
8037
7932
8039
8038
7934
7935
7939
7937
7938
7942
7940
7941
7945
7943
7944
7946
7947
7948
7949
7950
7954
7952
7953
7955
7956
7958
7959
7961
7962
7964
7965
7968
7967
7968
7971
7970
7971
7973
7974
7976
7977
7979
7980
7982
7983
7985
7986
7988
7989
7991
7992
7994
7995
7997
7998
8000
8001
8003
8004
8006
8007
8009
8010
8012
8013
8015
8016
8018
8019
8021
8022
8024
8025
8027
8028
8030
8031
8033
8034
8036
8037
8039
8040
8042
8046
8043
8045
8045
8049
8046
8048
8052
8049
8051
8051
8055
8052
8054
8055
8057
8058
8062
8060
8064
8061
8063
8063
8064
)


// ************************************************************************* //
