/*--------------------------------*- C++ -*----------------------------------*\
| =========                 |                                                 |
| \\      /  F ield         | OpenFOAM: The Open Source CFD Toolbox           |
|  \\    /   O peration     | Version:  2306                                  |
|   \\  /    A nd           | Website:  www.openfoam.com                      |
|    \\/     M anipulation  |                                                 |
\*---------------------------------------------------------------------------*/
FoamFile
{
    version     2.0;
    format      ascii;
    arch        "LSB;label=32;scalar=64";
    class       faceSet;
    location    "constant/polyMesh/sets";
    object      nonOrthoFaces;
}
// * * * * * * * * * * * * * * * * * * * * * * * * * * * * * * * * * * * * * //


506
(
77852
77854
77856
77862
77864
77866
77868
77870
77872
77874
77876
4188
4192
4194
75876
4196
75878
4199
75882
75884
75886
2174
2178
2180
2182
2184
2186
2188
2190
2192
144
2196
2199
152
154
166
73896
168
170
172
174
176
180
182
184
186
188
190
192
194
196
199
78043
78047
78049
78051
78053
78055
78057
78059
78061
78063
78065
78067
78069
78071
78073
78075
76075
4396
76077
76079
4399
76081
76085
2366
2380
2382
2384
2388
2390
2392
2394
2396
348
2399
358
360
362
366
74095
368
370
372
374
376
378
380
382
384
386
390
392
394
396
399
78238
78246
78252
78254
78256
78258
78260
78264
78266
78268
78270
78272
78274
76272
76274
4594
76276
4596
76278
4599
76280
76284
2574
2576
2578
2580
2584
2588
2590
2592
2594
2596
2599
560
566
568
570
572
576
578
580
582
584
586
588
590
592
594
596
599
78445
78447
78451
78453
78455
78457
78461
78463
78467
78471
78473
76463
76469
4790
76473
76475
4796
76479
4799
76483
2776
2778
2780
2782
2786
2788
2792
2794
2796
764
74493
766
770
772
778
780
784
786
788
790
792
794
796
799
78634
78640
78642
78644
78646
78648
78650
78652
78654
78656
78658
78660
78662
78664
78668
78670
78672
76660
76664
76666
4986
76672
76674
76676
4996
76678
76680
76682
2976
2978
2980
2982
2984
2986
2988
2994
2996
2999
74684
74688
960
74692
964
966
968
970
974
976
978
980
982
984
986
988
992
994
996
999
78837
78839
78843
78845
78847
78849
78851
78855
78857
78859
78861
78863
78865
78867
78869
78871
76859
76861
76863
76865
76869
76873
5194
76875
5196
76877
76879
76881
3194
3196
3199
74889
1162
74891
1164
1166
1168
1170
1174
1176
1178
1180
1182
1184
1186
1188
1190
1192
1194
1196
1199
79030
79038
79040
79044
79046
79048
79050
79052
79054
79056
79060
79062
79064
79066
79068
79070
77060
77062
77064
77066
77068
77070
77072
77074
77076
5396
77078
77080
3384
3388
3390
3392
3394
3396
3399
75080
1360
1366
1368
1374
1378
1380
1384
1386
1388
1390
1392
1394
1396
1399
79225
79231
79233
79235
79237
79239
79241
79245
79247
79249
79251
79253
79255
79257
79259
79261
79263
79265
79267
79269
77261
77263
77267
77269
77271
77273
77275
77277
3586
3588
3590
3592
3596
3599
75287
75289
1562
1564
1566
1568
1570
1572
1574
1576
1578
1580
1582
1586
1588
1590
1592
1599
79428
79430
79432
79434
79436
79438
79440
79442
79444
79446
79452
79454
79456
79458
79460
79462
79464
79466
79468
77460
77462
77468
77470
77472
77476
77478
5799
79548
79551
79552
79553
79554
79555
79557
79558
79559
79560
3784
79561
79562
79563
79564
3788
79565
79566
79567
79568
79569
3794
75476
3796
75478
3799
75482
75488
1766
1768
1774
1780
1782
1784
1786
1788
1790
1792
1794
1796
1799
77647
77649
77655
77659
77661
77663
77665
77669
77671
77673
77675
77677
3992
3994
75677
3999
1970
1976
1978
1980
1986
1988
1990
1992
1994
1996
1999
)


// ************************************************************************* //
